,Date,Adj Close,Close,High,Low,Open,Volume,Ticker,Return,SMA20,LowerBand,Signal,Decision,Strategy Return,Equity Curve,Buy,Sell,Trx Return,Sell Date,Sell Close,Win Loss
16852,2022-01-28,12000.0,12000.0,12000.0,11800.0,11800.0,1500,SMMA.JK,0.016949152542372836,11676.25,11442.725,0,,,,False,False,,,,None
16853,2022-01-31,12000.0,12000.0,12000.0,12000.0,12000.0,500,SMMA.JK,0.0,11687.5,11453.75,0,,0.0,1.0,False,False,,,,None
16854,2022-02-02,12000.0,12000.0,12000.0,12000.0,12000.0,0,SMMA.JK,0.0,11698.75,11464.775,0,,0.0,1.0,False,False,,,,None
16855,2022-02-03,12000.0,12000.0,12000.0,12000.0,12000.0,0,SMMA.JK,0.0,11710.0,11475.8,0,,0.0,1.0,False,False,,,,None
16856,2022-02-04,12000.0,12000.0,12000.0,12000.0,12000.0,0,SMMA.JK,0.0,11721.25,11486.824999999999,0,,0.0,1.0,False,False,,,,None
16857,2022-02-07,12000.0,12000.0,12000.0,12000.0,12000.0,100,SMMA.JK,0.0,11732.5,11497.85,0,,0.0,1.0,False,False,,,,None
16858,2022-02-08,12000.0,12000.0,12000.0,12000.0,12000.0,100,SMMA.JK,0.0,11743.75,11508.875,0,,0.0,1.0,False,False,,,,None
16859,2022-02-09,12300.0,12300.0,12500.0,12000.0,12000.0,3000,SMMA.JK,0.02499999999999991,11770.0,11534.6,0,,0.0,1.0,False,False,,,,None
16860,2022-02-10,12300.0,12300.0,12300.0,12300.0,12300.0,0,SMMA.JK,0.0,11835.0,11598.3,0,,0.0,1.0,False,False,,,,None
16861,2022-02-11,12300.0,12300.0,12300.0,12300.0,12300.0,0,SMMA.JK,0.0,11870.0,11632.6,0,,0.0,1.0,False,False,,,,None
16862,2022-02-14,11475.0,11475.0,12300.0,11475.0,12300.0,1400,SMMA.JK,-0.06707317073170727,11863.75,11626.475,1,Buy,-0.0,1.0,True,False,0.045751633986928164,2022-02-15,12000.0,Win
16863,2022-02-15,12000.0,12000.0,12000.0,12000.0,12000.0,200,SMMA.JK,0.045751633986928164,11883.75,11646.074999999999,0,Sell,0.045751633986928164,1.0457516339869282,False,True,,,,None
16864,2022-02-16,12000.0,12000.0,12000.0,12000.0,12000.0,100,SMMA.JK,0.0,11903.75,11665.675,0,Sell,0.0,1.0457516339869282,False,False,,,,None
16865,2022-02-17,12000.0,12000.0,12000.0,11200.0,12000.0,3500,SMMA.JK,0.0,11923.75,11685.275,0,Sell,0.0,1.0457516339869282,False,False,,,,None
16866,2022-02-18,12000.0,12000.0,12000.0,11400.0,11400.0,1400,SMMA.JK,0.0,11943.75,11704.875,0,Sell,0.0,1.0457516339869282,False,False,,,,None
16867,2022-02-21,12000.0,12000.0,12000.0,12000.0,12000.0,100,SMMA.JK,0.0,11958.75,11719.574999999999,0,Sell,0.0,1.0457516339869282,False,False,,,,None
16868,2022-02-22,12050.0,12050.0,12300.0,12050.0,12175.0,2300,SMMA.JK,0.004166666666666652,11971.25,11731.824999999999,0,Sell,0.0,1.0457516339869282,False,False,,,,None
16869,2022-02-23,12050.0,12050.0,12050.0,12050.0,12050.0,100,SMMA.JK,0.0,11993.75,11753.875,0,Sell,0.0,1.0457516339869282,False,False,,,,None
16870,2022-02-24,12050.0,12050.0,12050.0,12050.0,12050.0,0,SMMA.JK,0.0,12016.25,11775.925,0,Sell,0.0,1.0457516339869282,False,False,,,,None
16871,2022-02-25,12050.0,12050.0,12050.0,12050.0,12050.0,0,SMMA.JK,0.0,12028.75,11788.175,0,Sell,0.0,1.0457516339869282,False,False,,,,None
16872,2022-03-01,12050.0,12050.0,12050.0,11800.0,11800.0,300,SMMA.JK,0.0,12031.25,11790.625,0,Sell,0.0,1.0457516339869282,False,False,,,,None
16873,2022-03-02,12050.0,12050.0,12050.0,12050.0,12050.0,0,SMMA.JK,0.0,12033.75,11793.074999999999,0,Sell,0.0,1.0457516339869282,False,False,,,,None
16874,2022-03-04,12050.0,12050.0,12050.0,12050.0,12050.0,0,SMMA.JK,0.0,12036.25,11795.525,0,Sell,0.0,1.0457516339869282,False,False,,,,None
16875,2022-03-07,12000.0,12000.0,12000.0,11225.0,11250.0,800,SMMA.JK,-0.004149377593360981,12036.25,11795.525,0,Sell,-0.0,1.0457516339869282,False,False,,,,None
16876,2022-03-08,12000.0,12000.0,12000.0,12000.0,12000.0,0,SMMA.JK,0.0,12036.25,11795.525,0,Sell,0.0,1.0457516339869282,False,False,,,,None
16877,2022-03-09,12000.0,12000.0,12000.0,12000.0,12000.0,0,SMMA.JK,0.0,12036.25,11795.525,0,Sell,0.0,1.0457516339869282,False,False,,,,None
16878,2022-03-10,12000.0,12000.0,12000.0,11800.0,11800.0,900,SMMA.JK,0.0,12036.25,11795.525,0,Sell,0.0,1.0457516339869282,False,False,,,,None
16879,2022-03-11,12000.0,12000.0,12000.0,11800.0,11800.0,200,SMMA.JK,0.0,12021.25,11780.824999999999,0,Sell,0.0,1.0457516339869282,False,False,,,,None
16880,2022-03-14,12000.0,12000.0,12000.0,12000.0,12000.0,0,SMMA.JK,0.0,12006.25,11766.125,0,Sell,0.0,1.0457516339869282,False,False,,,,None
16881,2022-03-15,12000.0,12000.0,12000.0,12000.0,12000.0,0,SMMA.JK,0.0,11991.25,11751.425,0,Sell,0.0,1.0457516339869282,False,False,,,,None
16882,2022-03-16,12050.0,12050.0,12050.0,12050.0,12050.0,200,SMMA.JK,0.004166666666666652,12020.0,11779.6,0,Sell,0.0,1.0457516339869282,False,False,,,,None
16883,2022-03-17,12050.0,12050.0,12050.0,12050.0,12050.0,100,SMMA.JK,0.0,12022.5,11782.05,0,Sell,0.0,1.0457516339869282,False,False,,,,None
16884,2022-03-18,12050.0,12050.0,12050.0,12050.0,12050.0,0,SMMA.JK,0.0,12025.0,11784.5,0,Sell,0.0,1.0457516339869282,False,False,,,,None
16885,2022-03-21,12050.0,12050.0,12050.0,12050.0,12050.0,0,SMMA.JK,0.0,12027.5,11786.949999999999,0,Sell,0.0,1.0457516339869282,False,False,,,,None
16886,2022-03-22,12050.0,12050.0,12050.0,12050.0,12050.0,0,SMMA.JK,0.0,12030.0,11789.4,0,Sell,0.0,1.0457516339869282,False,False,,,,None
16887,2022-03-23,12050.0,12050.0,12050.0,12050.0,12050.0,0,SMMA.JK,0.0,12032.5,11791.85,0,Sell,0.0,1.0457516339869282,False,False,,,,None
16888,2022-03-24,12050.0,12050.0,12050.0,12050.0,12050.0,0,SMMA.JK,0.0,12032.5,11791.85,0,Sell,0.0,1.0457516339869282,False,False,,,,None
16889,2022-03-25,12050.0,12050.0,12050.0,12050.0,12050.0,0,SMMA.JK,0.0,12032.5,11791.85,0,Sell,0.0,1.0457516339869282,False,False,,,,None
16890,2022-03-28,12050.0,12050.0,12050.0,12050.0,12050.0,0,SMMA.JK,0.0,12032.5,11791.85,0,Sell,0.0,1.0457516339869282,False,False,,,,None
16891,2022-03-29,12050.0,12050.0,12050.0,12050.0,12050.0,500,SMMA.JK,0.0,12032.5,11791.85,0,Sell,0.0,1.0457516339869282,False,False,,,,None
16892,2022-03-30,12050.0,12050.0,12050.0,12050.0,12050.0,200,SMMA.JK,0.0,12032.5,11791.85,0,Sell,0.0,1.0457516339869282,False,False,,,,None
16893,2022-03-31,12050.0,12050.0,12050.0,12050.0,12050.0,0,SMMA.JK,0.0,12032.5,11791.85,0,Sell,0.0,1.0457516339869282,False,False,,,,None
16894,2022-04-01,12050.0,12050.0,12050.0,12050.0,12050.0,100,SMMA.JK,0.0,12032.5,11791.85,0,Sell,0.0,1.0457516339869282,False,False,,,,None
16895,2022-04-04,12050.0,12050.0,12050.0,12050.0,12050.0,0,SMMA.JK,0.0,12035.0,11794.3,0,Sell,0.0,1.0457516339869282,False,False,,,,None
16896,2022-04-05,11975.0,11975.0,12025.0,11375.0,12025.0,500,SMMA.JK,-0.006224066390041472,12033.75,11793.074999999999,0,Sell,-0.0,1.0457516339869282,False,False,,,,None
16897,2022-04-06,12025.0,12025.0,12025.0,11975.0,11975.0,400,SMMA.JK,0.0041753653444676075,12035.0,11794.3,0,Sell,0.0,1.0457516339869282,False,False,,,,None
16898,2022-04-07,12025.0,12025.0,12025.0,12025.0,12025.0,0,SMMA.JK,0.0,12036.25,11795.525,0,Sell,0.0,1.0457516339869282,False,False,,,,None
16899,2022-04-08,12025.0,12025.0,12025.0,12025.0,12025.0,0,SMMA.JK,0.0,12037.5,11796.75,0,Sell,0.0,1.0457516339869282,False,False,,,,None
16900,2022-04-11,12025.0,12025.0,12025.0,12025.0,12025.0,0,SMMA.JK,0.0,12038.75,11797.975,0,Sell,0.0,1.0457516339869282,False,False,,,,None
16901,2022-04-12,12025.0,12025.0,12025.0,12025.0,12025.0,0,SMMA.JK,0.0,12040.0,11799.199999999999,0,Sell,0.0,1.0457516339869282,False,False,,,,None
16902,2022-04-13,12025.0,12025.0,12025.0,12025.0,12025.0,0,SMMA.JK,0.0,12038.75,11797.975,0,Sell,0.0,1.0457516339869282,False,False,,,,None
16903,2022-04-14,12000.0,12000.0,12000.0,12000.0,12000.0,100,SMMA.JK,-0.0020790020790020236,12036.25,11795.525,0,Sell,-0.0,1.0457516339869282,False,False,,,,None
16904,2022-04-18,12000.0,12000.0,12000.0,12000.0,12000.0,0,SMMA.JK,0.0,12033.75,11793.074999999999,0,Sell,0.0,1.0457516339869282,False,False,,,,None
16905,2022-04-19,12000.0,12000.0,12000.0,12000.0,12000.0,0,SMMA.JK,0.0,12031.25,11790.625,0,Sell,0.0,1.0457516339869282,False,False,,,,None
16906,2022-04-20,12000.0,12000.0,12000.0,12000.0,12000.0,0,SMMA.JK,0.0,12028.75,11788.175,0,Sell,0.0,1.0457516339869282,False,False,,,,None
16907,2022-04-21,12000.0,12000.0,12000.0,11325.0,12000.0,2900,SMMA.JK,0.0,12026.25,11785.725,0,Sell,0.0,1.0457516339869282,False,False,,,,None
16908,2022-04-22,12000.0,12000.0,12000.0,11800.0,11800.0,400,SMMA.JK,0.0,12023.75,11783.275,0,Sell,0.0,1.0457516339869282,False,False,,,,None
16909,2022-04-25,12000.0,12000.0,12000.0,12000.0,12000.0,300,SMMA.JK,0.0,12021.25,11780.824999999999,0,Sell,0.0,1.0457516339869282,False,False,,,,None
16910,2022-04-26,12000.0,12000.0,12000.0,12000.0,12000.0,0,SMMA.JK,0.0,12018.75,11778.375,0,Sell,0.0,1.0457516339869282,False,False,,,,None
16911,2022-04-27,12000.0,12000.0,12000.0,12000.0,12000.0,0,SMMA.JK,0.0,12016.25,11775.925,0,Sell,0.0,1.0457516339869282,False,False,,,,None
16912,2022-04-28,12000.0,12000.0,12000.0,12000.0,12000.0,100,SMMA.JK,0.0,12013.75,11773.475,0,Sell,0.0,1.0457516339869282,False,False,,,,None
16913,2022-05-09,12000.0,12000.0,12000.0,12000.0,12000.0,0,SMMA.JK,0.0,12011.25,11771.025,0,Sell,0.0,1.0457516339869282,False,False,,,,None
16914,2022-05-10,12000.0,12000.0,12000.0,12000.0,12000.0,0,SMMA.JK,0.0,12008.75,11768.574999999999,0,Sell,0.0,1.0457516339869282,False,False,,,,None
16915,2022-05-11,11900.0,11900.0,11900.0,11900.0,11900.0,200,SMMA.JK,-0.008333333333333304,12001.25,11761.225,0,Sell,-0.0,1.0457516339869282,False,False,,,,None
16916,2022-05-12,11900.0,11900.0,11900.0,11900.0,11900.0,0,SMMA.JK,0.0,11997.5,11757.55,0,Sell,0.0,1.0457516339869282,False,False,,,,None
16917,2022-05-13,12100.0,12100.0,12100.0,11900.0,11900.0,1200,SMMA.JK,0.01680672268907557,12001.25,11761.225,0,Sell,0.0,1.0457516339869282,False,False,,,,None
16918,2022-05-17,12000.0,12000.0,12000.0,12000.0,12000.0,100,SMMA.JK,-0.008264462809917328,12000.0,11760.0,0,Sell,-0.0,1.0457516339869282,False,False,,,,None
16919,2022-05-18,12000.0,12000.0,12000.0,12000.0,12000.0,0,SMMA.JK,0.0,11998.75,11758.775,0,Sell,0.0,1.0457516339869282,False,False,,,,None
16920,2022-05-19,12000.0,12000.0,12000.0,12000.0,12000.0,100,SMMA.JK,0.0,11997.5,11757.55,0,Sell,0.0,1.0457516339869282,False,False,,,,None
16921,2022-05-20,12000.0,12000.0,12000.0,12000.0,12000.0,0,SMMA.JK,0.0,11996.25,11756.324999999999,0,Sell,0.0,1.0457516339869282,False,False,,,,None
16922,2022-05-23,12000.0,12000.0,12000.0,12000.0,12000.0,0,SMMA.JK,0.0,11995.0,11755.1,0,Sell,0.0,1.0457516339869282,False,False,,,,None
16923,2022-05-24,11425.0,11425.0,11425.0,11400.0,11400.0,400,SMMA.JK,-0.04791666666666672,11966.25,11726.925,1,Buy,-0.0,1.0457516339869282,True,False,0.05263082621816051,2022-05-30,12000.0,Win
16924,2022-05-25,11425.0,11425.0,11425.0,11425.0,11425.0,600,SMMA.JK,0.0,11937.5,11698.75,1,Buy,0.0,1.0457516339869282,False,False,,,,None
16925,2022-05-27,11425.0,11425.0,11425.0,11425.0,11425.0,100,SMMA.JK,0.0,11908.75,11670.574999999999,1,Buy,0.0,1.0457516339869282,False,False,,,,None
16926,2022-05-30,12000.0,12000.0,12000.0,11900.0,11900.0,8100,SMMA.JK,0.05032822757111588,11908.75,11670.574999999999,0,Sell,0.05032822757111588,1.0983824602050887,False,True,,,,None
16927,2022-05-31,12100.0,12100.0,12100.0,12000.0,12000.0,700,SMMA.JK,0.008333333333333304,11913.75,11675.475,0,Sell,0.0,1.0983824602050887,False,False,,,,None
16928,2022-06-02,12100.0,12100.0,12100.0,12100.0,12100.0,1000,SMMA.JK,0.0,11918.75,11680.375,0,Sell,0.0,1.0983824602050887,False,False,,,,None
16929,2022-06-03,12100.0,12100.0,12100.0,12100.0,12100.0,0,SMMA.JK,0.0,11923.75,11685.275,0,Sell,0.0,1.0983824602050887,False,False,,,,None
16930,2022-06-06,12100.0,12100.0,12100.0,12100.0,12100.0,0,SMMA.JK,0.0,11928.75,11690.175,0,Sell,0.0,1.0983824602050887,False,False,,,,None
16931,2022-06-07,12100.0,12100.0,12100.0,12100.0,12100.0,0,SMMA.JK,0.0,11933.75,11695.074999999999,0,Sell,0.0,1.0983824602050887,False,False,,,,None
16932,2022-06-08,12100.0,12100.0,12100.0,12100.0,12100.0,0,SMMA.JK,0.0,11938.75,11699.975,0,Sell,0.0,1.0983824602050887,False,False,,,,None
16933,2022-06-09,12100.0,12100.0,12100.0,12100.0,12100.0,0,SMMA.JK,0.0,11943.75,11704.875,0,Sell,0.0,1.0983824602050887,False,False,,,,None
16934,2022-06-10,12100.0,12100.0,12100.0,12100.0,12100.0,0,SMMA.JK,0.0,11948.75,11709.775,0,Sell,0.0,1.0983824602050887,False,False,,,,None
16935,2022-06-13,12100.0,12100.0,12100.0,12100.0,12100.0,0,SMMA.JK,0.0,11958.75,11719.574999999999,0,Sell,0.0,1.0983824602050887,False,False,,,,None
16936,2022-06-14,12100.0,12100.0,12100.0,12100.0,12100.0,0,SMMA.JK,0.0,11968.75,11729.375,0,Sell,0.0,1.0983824602050887,False,False,,,,None
16937,2022-06-15,12100.0,12100.0,12100.0,12100.0,12100.0,0,SMMA.JK,0.0,11968.75,11729.375,0,Sell,0.0,1.0983824602050887,False,False,,,,None
16938,2022-06-16,12100.0,12100.0,12100.0,12100.0,12100.0,0,SMMA.JK,0.0,11973.75,11734.275,0,Sell,0.0,1.0983824602050887,False,False,,,,None
16939,2022-06-17,12100.0,12100.0,12100.0,12100.0,12100.0,0,SMMA.JK,0.0,11978.75,11739.175,0,Sell,0.0,1.0983824602050887,False,False,,,,None
16940,2022-06-20,12100.0,12100.0,12100.0,12100.0,12100.0,0,SMMA.JK,0.0,11983.75,11744.074999999999,0,Sell,0.0,1.0983824602050887,False,False,,,,None
16941,2022-06-21,12100.0,12100.0,12100.0,12100.0,12100.0,0,SMMA.JK,0.0,11988.75,11748.975,0,Sell,0.0,1.0983824602050887,False,False,,,,None
16942,2022-06-22,12100.0,12100.0,12100.0,12100.0,12100.0,0,SMMA.JK,0.0,11993.75,11753.875,0,Sell,0.0,1.0983824602050887,False,False,,,,None
16943,2022-06-23,12100.0,12100.0,12100.0,12100.0,12100.0,0,SMMA.JK,0.0,12027.5,11786.949999999999,0,Sell,0.0,1.0983824602050887,False,False,,,,None
16944,2022-06-24,12100.0,12100.0,12100.0,12100.0,12100.0,100,SMMA.JK,0.0,12061.25,11820.025,0,Sell,0.0,1.0983824602050887,False,False,,,,None
16945,2022-06-27,12100.0,12100.0,12100.0,12100.0,12100.0,0,SMMA.JK,0.0,12095.0,11853.1,0,Sell,0.0,1.0983824602050887,False,False,,,,None
16946,2022-06-28,11300.0,11300.0,11375.0,11300.0,11375.0,1000,SMMA.JK,-0.06611570247933884,12060.0,11818.8,1,Buy,-0.0,1.0983824602050887,True,False,0.07776159010301531,2022-06-29,12100.0,Win
16947,2022-06-29,12100.0,12100.0,12100.0,11800.0,11875.0,1900,SMMA.JK,0.07079646017699126,12060.0,11818.8,0,Sell,0.07079646017699126,1.176144050308104,False,True,,,,None
16948,2022-06-30,12100.0,12100.0,12100.0,12100.0,12100.0,100,SMMA.JK,0.0,12060.0,11818.8,0,Sell,0.0,1.176144050308104,False,False,,,,None
16949,2022-07-01,12100.0,12100.0,12100.0,12100.0,12100.0,0,SMMA.JK,0.0,12060.0,11818.8,0,Sell,0.0,1.176144050308104,False,False,,,,None
16950,2022-07-04,12100.0,12100.0,12100.0,12100.0,12100.0,0,SMMA.JK,0.0,12060.0,11818.8,0,Sell,0.0,1.176144050308104,False,False,,,,None
16951,2022-07-05,12100.0,12100.0,12100.0,12100.0,12100.0,0,SMMA.JK,0.0,12060.0,11818.8,0,Sell,0.0,1.176144050308104,False,False,,,,None
16952,2022-07-06,12100.0,12100.0,12100.0,11700.0,11800.0,1000,SMMA.JK,0.0,12060.0,11818.8,0,Sell,0.0,1.176144050308104,False,False,,,,None
16953,2022-07-07,12100.0,12100.0,12100.0,12100.0,12100.0,200,SMMA.JK,0.0,12060.0,11818.8,0,Sell,0.0,1.176144050308104,False,False,,,,None
16954,2022-07-08,12100.0,12100.0,12100.0,12100.0,12100.0,600,SMMA.JK,0.0,12060.0,11818.8,0,Sell,0.0,1.176144050308104,False,False,,,,None
16955,2022-07-11,12200.0,12200.0,12200.0,12100.0,12100.0,1600,SMMA.JK,0.008264462809917328,12065.0,11823.699999999999,0,Sell,0.0,1.176144050308104,False,False,,,,None
16956,2022-07-12,12200.0,12200.0,12200.0,12200.0,12200.0,0,SMMA.JK,0.0,12070.0,11828.6,0,Sell,0.0,1.176144050308104,False,False,,,,None
16957,2022-07-13,12200.0,12200.0,12200.0,12200.0,12200.0,0,SMMA.JK,0.0,12075.0,11833.5,0,Sell,0.0,1.176144050308104,False,False,,,,None
16958,2022-07-14,12200.0,12200.0,12200.0,12200.0,12200.0,0,SMMA.JK,0.0,12080.0,11838.4,0,Sell,0.0,1.176144050308104,False,False,,,,None
16959,2022-07-15,12200.0,12200.0,12200.0,12200.0,12200.0,0,SMMA.JK,0.0,12085.0,11843.3,0,Sell,0.0,1.176144050308104,False,False,,,,None
16960,2022-07-18,12300.0,12300.0,12300.0,12300.0,12300.0,100,SMMA.JK,0.008196721311475308,12095.0,11853.1,0,Sell,0.0,1.176144050308104,False,False,,,,None
16961,2022-07-19,12300.0,12300.0,12300.0,12300.0,12300.0,0,SMMA.JK,0.0,12105.0,11862.9,0,Sell,0.0,1.176144050308104,False,False,,,,None
16962,2022-07-20,12300.0,12300.0,12300.0,12300.0,12300.0,100,SMMA.JK,0.0,12115.0,11872.699999999999,0,Sell,0.0,1.176144050308104,False,False,,,,None
16963,2022-07-21,12300.0,12300.0,12300.0,12300.0,12300.0,0,SMMA.JK,0.0,12125.0,11882.5,0,Sell,0.0,1.176144050308104,False,False,,,,None
16964,2022-07-22,12300.0,12300.0,12300.0,12300.0,12300.0,300,SMMA.JK,0.0,12135.0,11892.3,0,Sell,0.0,1.176144050308104,False,False,,,,None
16965,2022-07-25,12300.0,12300.0,12300.0,12300.0,12300.0,0,SMMA.JK,0.0,12145.0,11902.1,0,Sell,0.0,1.176144050308104,False,False,,,,None
16966,2022-07-26,12300.0,12300.0,12300.0,12300.0,12300.0,0,SMMA.JK,0.0,12195.0,11951.1,0,Sell,0.0,1.176144050308104,False,False,,,,None
16967,2022-07-27,12300.0,12300.0,12300.0,12300.0,12300.0,0,SMMA.JK,0.0,12205.0,11960.9,0,Sell,0.0,1.176144050308104,False,False,,,,None
16968,2022-07-28,12300.0,12300.0,12300.0,12300.0,12300.0,0,SMMA.JK,0.0,12215.0,11970.699999999999,0,Sell,0.0,1.176144050308104,False,False,,,,None
16969,2022-07-29,12300.0,12300.0,12300.0,12300.0,12300.0,0,SMMA.JK,0.0,12225.0,11980.5,0,Sell,0.0,1.176144050308104,False,False,,,,None
16970,2022-08-01,12300.0,12300.0,12300.0,12300.0,12300.0,0,SMMA.JK,0.0,12235.0,11990.3,0,Sell,0.0,1.176144050308104,False,False,,,,None
16971,2022-08-02,12300.0,12300.0,12300.0,12300.0,12300.0,0,SMMA.JK,0.0,12245.0,12000.1,0,Sell,0.0,1.176144050308104,False,False,,,,None
16972,2022-08-03,12300.0,12300.0,12300.0,12300.0,12300.0,0,SMMA.JK,0.0,12255.0,12009.9,0,Sell,0.0,1.176144050308104,False,False,,,,None
16973,2022-08-04,12300.0,12300.0,12300.0,12300.0,12300.0,0,SMMA.JK,0.0,12265.0,12019.699999999999,0,Sell,0.0,1.176144050308104,False,False,,,,None
16974,2022-08-05,12200.0,12200.0,12200.0,12200.0,12200.0,100,SMMA.JK,-0.008130081300813052,12270.0,12024.6,0,Sell,-0.0,1.176144050308104,False,False,,,,None
16975,2022-08-08,12200.0,12200.0,12200.0,12200.0,12200.0,0,SMMA.JK,0.0,12270.0,12024.6,0,Sell,0.0,1.176144050308104,False,False,,,,None
16976,2022-08-09,12200.0,12200.0,12200.0,12200.0,12200.0,100,SMMA.JK,0.0,12270.0,12024.6,0,Sell,0.0,1.176144050308104,False,False,,,,None
16977,2022-08-10,12200.0,12200.0,12200.0,12200.0,12200.0,100,SMMA.JK,0.0,12270.0,12024.6,0,Sell,0.0,1.176144050308104,False,False,,,,None
16978,2022-08-11,12200.0,12200.0,12200.0,12200.0,12200.0,0,SMMA.JK,0.0,12270.0,12024.6,0,Sell,0.0,1.176144050308104,False,False,,,,None
16979,2022-08-12,11800.0,11800.0,11800.0,11475.0,11475.0,2600,SMMA.JK,-0.032786885245901676,12250.0,12005.0,1,Buy,-0.0,1.176144050308104,True,False,0.039869289840952504,2022-08-29,12200.0,Win
16980,2022-08-15,12200.0,12200.0,12200.0,11800.0,12175.0,2700,SMMA.JK,0.03389830508474567,12245.0,12000.1,1,Buy,0.03389830508474567,1.2160133401490565,False,False,,,,None
16981,2022-08-16,12200.0,12200.0,12200.0,12200.0,12200.0,0,SMMA.JK,0.0,12240.0,11995.199999999999,1,Buy,0.0,1.2160133401490565,False,False,,,,None
16982,2022-08-18,12200.0,12200.0,12200.0,12100.0,12100.0,1000,SMMA.JK,0.0,12235.0,11990.3,1,Buy,0.0,1.2160133401490565,False,False,,,,None
16983,2022-08-19,12200.0,12200.0,12200.0,12200.0,12200.0,0,SMMA.JK,0.0,12230.0,11985.4,1,Buy,0.0,1.2160133401490565,False,False,,,,None
16984,2022-08-22,12200.0,12200.0,12200.0,12200.0,12200.0,400,SMMA.JK,0.0,12225.0,11980.5,1,Buy,0.0,1.2160133401490565,False,False,,,,None
16985,2022-08-23,12200.0,12200.0,12200.0,12200.0,12200.0,200,SMMA.JK,0.0,12220.0,11975.6,1,Buy,0.0,1.2160133401490565,False,False,,,,None
16986,2022-08-24,12200.0,12200.0,12200.0,11550.0,12200.0,700,SMMA.JK,0.0,12215.0,11970.699999999999,1,Buy,0.0,1.2160133401490565,False,False,,,,None
16987,2022-08-25,12200.0,12200.0,12200.0,12200.0,12200.0,200,SMMA.JK,0.0,12210.0,11965.8,1,Buy,0.0,1.2160133401490565,False,False,,,,None
16988,2022-08-26,12200.0,12200.0,12200.0,12200.0,12200.0,0,SMMA.JK,0.0,12205.0,11960.9,1,Buy,0.0,1.2160133401490565,False,False,,,,None
16989,2022-08-29,12200.0,12200.0,12200.0,12200.0,12200.0,0,SMMA.JK,0.0,12200.0,11956.0,0,Sell,0.0,1.2160133401490565,False,True,,,,None
16990,2022-08-30,12200.0,12200.0,12200.0,12200.0,12200.0,0,SMMA.JK,0.0,12195.0,11951.1,0,Sell,0.0,1.2160133401490565,False,False,,,,None
16991,2022-08-31,12200.0,12200.0,12200.0,12200.0,12200.0,15300,SMMA.JK,0.0,12190.0,11946.199999999999,0,Sell,0.0,1.2160133401490565,False,False,,,,None
16992,2022-09-01,12200.0,12200.0,12200.0,12200.0,12200.0,0,SMMA.JK,0.0,12185.0,11941.3,0,Sell,0.0,1.2160133401490565,False,False,,,,None
16993,2022-09-02,12200.0,12200.0,12200.0,12200.0,12200.0,0,SMMA.JK,0.0,12180.0,11936.4,0,Sell,0.0,1.2160133401490565,False,False,,,,None
16994,2022-09-05,12200.0,12200.0,12200.0,12200.0,12200.0,200,SMMA.JK,0.0,12180.0,11936.4,0,Sell,0.0,1.2160133401490565,False,False,,,,None
16995,2022-09-06,12200.0,12200.0,12200.0,12200.0,12200.0,0,SMMA.JK,0.0,12180.0,11936.4,0,Sell,0.0,1.2160133401490565,False,False,,,,None
16996,2022-09-07,12200.0,12200.0,12200.0,12200.0,12200.0,0,SMMA.JK,0.0,12180.0,11936.4,0,Sell,0.0,1.2160133401490565,False,False,,,,None
16997,2022-09-08,12200.0,12200.0,12200.0,12175.0,12175.0,4400,SMMA.JK,0.0,12180.0,11936.4,0,Sell,0.0,1.2160133401490565,False,False,,,,None
16998,2022-09-09,12200.0,12200.0,12200.0,12200.0,12200.0,200,SMMA.JK,0.0,12180.0,11936.4,0,Sell,0.0,1.2160133401490565,False,False,,,,None
16999,2022-09-12,12300.0,12300.0,12300.0,12300.0,12300.0,200,SMMA.JK,0.008196721311475308,12205.0,11960.9,0,Sell,0.0,1.2160133401490565,False,False,,,,None
17000,2022-09-13,12300.0,12300.0,12300.0,12300.0,12300.0,0,SMMA.JK,0.0,12210.0,11965.8,0,Sell,0.0,1.2160133401490565,False,False,,,,None
17001,2022-09-14,12300.0,12300.0,12300.0,12300.0,12300.0,0,SMMA.JK,0.0,12215.0,11970.699999999999,0,Sell,0.0,1.2160133401490565,False,False,,,,None
17002,2022-09-15,12300.0,12300.0,12300.0,12300.0,12300.0,100,SMMA.JK,0.0,12220.0,11975.6,0,Sell,0.0,1.2160133401490565,False,False,,,,None
17003,2022-09-16,12300.0,12300.0,12300.0,12300.0,12300.0,0,SMMA.JK,0.0,12225.0,11980.5,0,Sell,0.0,1.2160133401490565,False,False,,,,None
17004,2022-09-19,12300.0,12300.0,12300.0,12300.0,12300.0,100,SMMA.JK,0.0,12230.0,11985.4,0,Sell,0.0,1.2160133401490565,False,False,,,,None
17005,2022-09-20,12300.0,12300.0,12300.0,12300.0,12300.0,0,SMMA.JK,0.0,12235.0,11990.3,0,Sell,0.0,1.2160133401490565,False,False,,,,None
17006,2022-09-21,12300.0,12300.0,12300.0,12300.0,12300.0,0,SMMA.JK,0.0,12240.0,11995.199999999999,0,Sell,0.0,1.2160133401490565,False,False,,,,None
17007,2022-09-22,12300.0,12300.0,12300.0,12300.0,12300.0,0,SMMA.JK,0.0,12245.0,12000.1,0,Sell,0.0,1.2160133401490565,False,False,,,,None
17008,2022-09-23,12300.0,12300.0,12300.0,12300.0,12300.0,300,SMMA.JK,0.0,12250.0,12005.0,0,Sell,0.0,1.2160133401490565,False,False,,,,None
17009,2022-09-26,12300.0,12300.0,12300.0,12300.0,12300.0,100,SMMA.JK,0.0,12255.0,12009.9,0,Sell,0.0,1.2160133401490565,False,False,,,,None
17010,2022-09-27,12300.0,12300.0,12300.0,12300.0,12300.0,0,SMMA.JK,0.0,12260.0,12014.8,0,Sell,0.0,1.2160133401490565,False,False,,,,None
17011,2022-09-28,12300.0,12300.0,12300.0,12300.0,12300.0,1000,SMMA.JK,0.0,12265.0,12019.699999999999,0,Sell,0.0,1.2160133401490565,False,False,,,,None
17012,2022-09-29,12300.0,12300.0,12300.0,12300.0,12300.0,0,SMMA.JK,0.0,12270.0,12024.6,0,Sell,0.0,1.2160133401490565,False,False,,,,None
17013,2022-09-30,12300.0,12300.0,12300.0,12300.0,12300.0,0,SMMA.JK,0.0,12275.0,12029.5,0,Sell,0.0,1.2160133401490565,False,False,,,,None
17014,2022-10-03,12300.0,12300.0,12300.0,12200.0,12200.0,1800,SMMA.JK,0.0,12280.0,12034.4,0,Sell,0.0,1.2160133401490565,False,False,,,,None
17015,2022-10-04,12300.0,12300.0,12300.0,12300.0,12300.0,0,SMMA.JK,0.0,12285.0,12039.3,0,Sell,0.0,1.2160133401490565,False,False,,,,None
17016,2022-10-05,12300.0,12300.0,12300.0,12300.0,12300.0,0,SMMA.JK,0.0,12290.0,12044.199999999999,0,Sell,0.0,1.2160133401490565,False,False,,,,None
17017,2022-10-06,12300.0,12300.0,12300.0,12300.0,12300.0,0,SMMA.JK,0.0,12295.0,12049.1,0,Sell,0.0,1.2160133401490565,False,False,,,,None
17018,2022-10-07,12300.0,12300.0,12300.0,12300.0,12300.0,0,SMMA.JK,0.0,12300.0,12054.0,0,Sell,0.0,1.2160133401490565,False,False,,,,None
17019,2022-10-10,12300.0,12300.0,12300.0,12300.0,12300.0,100,SMMA.JK,0.0,12300.0,12054.0,0,Sell,0.0,1.2160133401490565,False,False,,,,None
17020,2022-10-11,12300.0,12300.0,12300.0,12300.0,12300.0,100,SMMA.JK,0.0,12300.0,12054.0,0,Sell,0.0,1.2160133401490565,False,False,,,,None
17021,2022-10-12,12300.0,12300.0,12300.0,12300.0,12300.0,0,SMMA.JK,0.0,12300.0,12054.0,0,Sell,0.0,1.2160133401490565,False,False,,,,None
17022,2022-10-13,12300.0,12300.0,12300.0,12300.0,12300.0,0,SMMA.JK,0.0,12300.0,12054.0,0,Sell,0.0,1.2160133401490565,False,False,,,,None
17023,2022-10-14,12300.0,12300.0,12300.0,12300.0,12300.0,0,SMMA.JK,0.0,12300.0,12054.0,0,Sell,0.0,1.2160133401490565,False,False,,,,None
17024,2022-10-17,12300.0,12300.0,12300.0,12300.0,12300.0,400,SMMA.JK,0.0,12300.0,12054.0,0,Sell,0.0,1.2160133401490565,False,False,,,,None
17025,2022-10-18,12300.0,12300.0,12300.0,12300.0,12300.0,0,SMMA.JK,0.0,12300.0,12054.0,0,Sell,0.0,1.2160133401490565,False,False,,,,None
17026,2022-10-19,12300.0,12300.0,12300.0,12300.0,12300.0,0,SMMA.JK,0.0,12300.0,12054.0,0,Sell,0.0,1.2160133401490565,False,False,,,,None
17027,2022-10-20,12050.0,12050.0,12050.0,12050.0,12050.0,100,SMMA.JK,-0.020325203252032575,12287.5,12041.75,0,Sell,-0.0,1.2160133401490565,False,False,,,,None
17028,2022-10-21,12300.0,12300.0,12300.0,12050.0,12050.0,700,SMMA.JK,0.020746887966804906,12287.5,12041.75,0,Sell,0.0,1.2160133401490565,False,False,,,,None
17029,2022-10-24,12300.0,12300.0,12300.0,12300.0,12300.0,0,SMMA.JK,0.0,12287.5,12041.75,0,Sell,0.0,1.2160133401490565,False,False,,,,None
17030,2022-10-25,12300.0,12300.0,12300.0,12300.0,12300.0,100,SMMA.JK,0.0,12287.5,12041.75,0,Sell,0.0,1.2160133401490565,False,False,,,,None
17031,2022-10-26,12300.0,12300.0,12300.0,12300.0,12300.0,0,SMMA.JK,0.0,12287.5,12041.75,0,Sell,0.0,1.2160133401490565,False,False,,,,None
17032,2022-10-27,12300.0,12300.0,12300.0,12300.0,12300.0,0,SMMA.JK,0.0,12287.5,12041.75,0,Sell,0.0,1.2160133401490565,False,False,,,,None
17033,2022-10-28,12300.0,12300.0,12300.0,12300.0,12300.0,0,SMMA.JK,0.0,12287.5,12041.75,0,Sell,0.0,1.2160133401490565,False,False,,,,None
17034,2022-10-31,12300.0,12300.0,12300.0,12300.0,12300.0,0,SMMA.JK,0.0,12287.5,12041.75,0,Sell,0.0,1.2160133401490565,False,False,,,,None
17035,2022-11-01,12300.0,12300.0,12300.0,11500.0,11500.0,600,SMMA.JK,0.0,12287.5,12041.75,0,Sell,0.0,1.2160133401490565,False,False,,,,None
17036,2022-11-02,12400.0,12400.0,12400.0,12400.0,12400.0,100,SMMA.JK,0.008130081300812941,12292.5,12046.65,0,Sell,0.0,1.2160133401490565,False,False,,,,None
17037,2022-11-03,12400.0,12400.0,12400.0,12400.0,12400.0,100,SMMA.JK,0.0,12297.5,12051.55,0,Sell,0.0,1.2160133401490565,False,False,,,,None
17038,2022-11-04,12400.0,12400.0,12400.0,12400.0,12400.0,0,SMMA.JK,0.0,12302.5,12056.449999999999,0,Sell,0.0,1.2160133401490565,False,False,,,,None
17039,2022-11-07,12400.0,12400.0,12400.0,12400.0,12400.0,100,SMMA.JK,0.0,12307.5,12061.35,0,Sell,0.0,1.2160133401490565,False,False,,,,None
17040,2022-11-08,12400.0,12400.0,12400.0,12400.0,12400.0,0,SMMA.JK,0.0,12312.5,12066.25,0,Sell,0.0,1.2160133401490565,False,False,,,,None
17041,2022-11-09,12400.0,12400.0,12400.0,12400.0,12400.0,0,SMMA.JK,0.0,12317.5,12071.15,0,Sell,0.0,1.2160133401490565,False,False,,,,None
17042,2022-11-10,12400.0,12400.0,12400.0,12150.0,12150.0,200,SMMA.JK,0.0,12322.5,12076.05,0,Sell,0.0,1.2160133401490565,False,False,,,,None
17043,2022-11-11,12400.0,12400.0,12400.0,12400.0,12400.0,100,SMMA.JK,0.0,12327.5,12080.949999999999,0,Sell,0.0,1.2160133401490565,False,False,,,,None
17044,2022-11-14,12400.0,12400.0,12400.0,12400.0,12400.0,0,SMMA.JK,0.0,12332.5,12085.85,0,Sell,0.0,1.2160133401490565,False,False,,,,None
17045,2022-11-15,12400.0,12400.0,12400.0,12400.0,12400.0,0,SMMA.JK,0.0,12337.5,12090.75,0,Sell,0.0,1.2160133401490565,False,False,,,,None
17046,2022-11-16,12400.0,12400.0,12400.0,12400.0,12400.0,500,SMMA.JK,0.0,12342.5,12095.65,0,Sell,0.0,1.2160133401490565,False,False,,,,None
17047,2022-11-17,12400.0,12400.0,12400.0,12400.0,12400.0,0,SMMA.JK,0.0,12360.0,12112.8,0,Sell,0.0,1.2160133401490565,False,False,,,,None
17048,2022-11-18,12400.0,12400.0,12400.0,12400.0,12400.0,0,SMMA.JK,0.0,12365.0,12117.699999999999,0,Sell,0.0,1.2160133401490565,False,False,,,,None
17049,2022-11-21,12400.0,12400.0,12400.0,12400.0,12400.0,0,SMMA.JK,0.0,12370.0,12122.6,0,Sell,0.0,1.2160133401490565,False,False,,,,None
17050,2022-11-22,11550.0,11550.0,11550.0,11550.0,11550.0,4100,SMMA.JK,-0.06854838709677424,12332.5,12085.85,1,Buy,-0.0,1.2160133401490565,True,False,0.08949015923174852,2022-11-25,12400.0,Win
17051,2022-11-23,12300.0,12300.0,12400.0,12100.0,12250.0,7300,SMMA.JK,0.06493506493506485,12332.5,12085.85,1,Buy,0.06493506493506485,1.2949752453535406,False,False,,,,None
17052,2022-11-24,12300.0,12300.0,12300.0,12300.0,12300.0,0,SMMA.JK,0.0,12332.5,12085.85,1,Buy,0.0,1.2949752453535406,False,False,,,,None
17053,2022-11-25,12400.0,12400.0,12400.0,12400.0,12400.0,1200,SMMA.JK,0.008130081300812941,12337.5,12090.75,0,Sell,0.008130081300812941,1.305503499380805,False,True,,,,None
17054,2022-11-28,12400.0,12400.0,12400.0,12400.0,12400.0,0,SMMA.JK,0.0,12342.5,12095.65,0,Sell,0.0,1.305503499380805,False,False,,,,None
17055,2022-11-29,12400.0,12400.0,12400.0,12400.0,12400.0,0,SMMA.JK,0.0,12347.5,12100.55,0,Sell,0.0,1.305503499380805,False,False,,,,None
17056,2022-11-30,12400.0,12400.0,12400.0,12300.0,12300.0,4100,SMMA.JK,0.0,12347.5,12100.55,0,Sell,0.0,1.305503499380805,False,False,,,,None
17057,2022-12-01,12400.0,12400.0,12400.0,12400.0,12400.0,0,SMMA.JK,0.0,12347.5,12100.55,0,Sell,0.0,1.305503499380805,False,False,,,,None
17058,2022-12-02,12400.0,12400.0,12400.0,12400.0,12400.0,0,SMMA.JK,0.0,12347.5,12100.55,0,Sell,0.0,1.305503499380805,False,False,,,,None
17059,2022-12-05,12400.0,12400.0,12400.0,11575.0,11600.0,2000,SMMA.JK,0.0,12347.5,12100.55,0,Sell,0.0,1.305503499380805,False,False,,,,None
17060,2022-12-06,12450.0,12450.0,12500.0,12400.0,12400.0,600,SMMA.JK,0.0040322580645162365,12350.0,12103.0,0,Sell,0.0,1.305503499380805,False,False,,,,None
17061,2022-12-07,12450.0,12450.0,12450.0,12450.0,12450.0,0,SMMA.JK,0.0,12352.5,12105.449999999999,0,Sell,0.0,1.305503499380805,False,False,,,,None
17062,2022-12-08,12450.0,12450.0,12450.0,12450.0,12450.0,0,SMMA.JK,0.0,12355.0,12107.9,0,Sell,0.0,1.305503499380805,False,False,,,,None
17063,2022-12-09,12450.0,12450.0,12450.0,12450.0,12450.0,100,SMMA.JK,0.0,12357.5,12110.35,0,Sell,0.0,1.305503499380805,False,False,,,,None
17064,2022-12-12,12450.0,12450.0,12450.0,12450.0,12450.0,0,SMMA.JK,0.0,12360.0,12112.8,0,Sell,0.0,1.305503499380805,False,False,,,,None
17065,2022-12-13,12450.0,12450.0,12450.0,12450.0,12450.0,0,SMMA.JK,0.0,12362.5,12115.25,0,Sell,0.0,1.305503499380805,False,False,,,,None
17066,2022-12-14,12450.0,12450.0,12450.0,12450.0,12450.0,0,SMMA.JK,0.0,12365.0,12117.699999999999,0,Sell,0.0,1.305503499380805,False,False,,,,None
17067,2022-12-15,12450.0,12450.0,12450.0,12450.0,12450.0,0,SMMA.JK,0.0,12367.5,12120.15,0,Sell,0.0,1.305503499380805,False,False,,,,None
17068,2022-12-16,12450.0,12450.0,12450.0,12450.0,12450.0,0,SMMA.JK,0.0,12370.0,12122.6,0,Sell,0.0,1.305503499380805,False,False,,,,None
17069,2022-12-19,12450.0,12450.0,12450.0,12450.0,12450.0,0,SMMA.JK,0.0,12372.5,12125.05,0,Sell,0.0,1.305503499380805,False,False,,,,None
17070,2022-12-20,12450.0,12450.0,12500.0,12450.0,12500.0,200,SMMA.JK,0.0,12417.5,12169.15,0,Sell,0.0,1.305503499380805,False,False,,,,None
17071,2022-12-21,12450.0,12450.0,12450.0,12450.0,12450.0,0,SMMA.JK,0.0,12425.0,12176.5,0,Sell,0.0,1.305503499380805,False,False,,,,None
17072,2022-12-22,12450.0,12450.0,12450.0,11600.0,11725.0,21000,SMMA.JK,0.0,12432.5,12183.85,0,Sell,0.0,1.305503499380805,False,False,,,,None
17073,2022-12-23,12450.0,12450.0,12450.0,12450.0,12450.0,300,SMMA.JK,0.0,12435.0,12186.3,0,Sell,0.0,1.305503499380805,False,False,,,,None
17074,2022-12-26,11925.0,11925.0,12000.0,11725.0,11725.0,2200,SMMA.JK,-0.04216867469879515,12411.25,12163.025,1,Buy,-0.0,1.305503499380805,True,False,0.0547380922172247,2022-12-27,12425.0,Win
17075,2022-12-27,12425.0,12425.0,12425.0,11850.0,12275.0,14600,SMMA.JK,0.04192872117400426,12412.5,12164.25,0,Sell,0.04192872117400426,1.3602415915980297,False,True,,,,None
17076,2022-12-28,12450.0,12450.0,12550.0,11825.0,12500.0,9900,SMMA.JK,0.002012072434607548,12415.0,12166.699999999999,0,Sell,0.0,1.3602415915980297,False,False,,,,None
17077,2022-12-29,12450.0,12450.0,12475.0,11775.0,12475.0,6600,SMMA.JK,0.0,12417.5,12169.15,0,Sell,0.0,1.3602415915980297,False,False,,,,None
17078,2022-12-30,12550.0,12550.0,12650.0,12000.0,12475.0,1700,SMMA.JK,0.008032128514056325,12425.0,12176.5,0,Sell,0.0,1.3602415915980297,False,False,,,,None
17079,2023-01-02,12550.0,12550.0,12800.0,12050.0,12800.0,600,SMMA.JK,0.0,12432.5,12183.85,0,Sell,0.0,1.3602415915980297,False,False,,,,None
17080,2023-01-03,12550.0,12550.0,12550.0,12100.0,12100.0,600,SMMA.JK,0.0,12437.5,12188.75,0,Sell,0.0,1.3602415915980297,False,False,,,,None
17081,2023-01-04,12550.0,12550.0,12800.0,12000.0,12775.0,1000,SMMA.JK,0.0,12442.5,12193.65,0,Sell,0.0,1.3602415915980297,False,False,,,,None
17082,2023-01-05,12525.0,12525.0,12800.0,12100.0,12800.0,1000,SMMA.JK,-0.0019920318725099584,12446.25,12197.324999999999,0,Sell,-0.0,1.3602415915980297,False,False,,,,None
17083,2023-01-06,12150.0,12150.0,12775.0,12150.0,12525.0,6900,SMMA.JK,-0.029940119760479056,12431.25,12182.625,1,Buy,-0.0,1.3602415915980297,True,False,0.044781616184297324,2023-01-09,12550.0,Win
17084,2023-01-09,12550.0,12550.0,12550.0,11800.0,12150.0,6400,SMMA.JK,0.03292181069958855,12436.25,12187.525,0,Sell,0.03292181069958855,1.405023207782327,False,True,,,,None
17085,2023-01-10,12550.0,12550.0,12550.0,11825.0,11850.0,900,SMMA.JK,0.0,12441.25,12192.425,0,Sell,0.0,1.405023207782327,False,False,,,,None
17086,2023-01-11,12550.0,12550.0,12550.0,12550.0,12550.0,200,SMMA.JK,0.0,12446.25,12197.324999999999,0,Sell,0.0,1.405023207782327,False,False,,,,None
17087,2023-01-12,12550.0,12550.0,12550.0,12550.0,12550.0,300,SMMA.JK,0.0,12451.25,12202.225,0,Sell,0.0,1.405023207782327,False,False,,,,None
17088,2023-01-13,12550.0,12550.0,12550.0,12550.0,12550.0,100,SMMA.JK,0.0,12456.25,12207.125,0,Sell,0.0,1.405023207782327,False,False,,,,None
17089,2023-01-16,12550.0,12550.0,12550.0,12400.0,12400.0,200,SMMA.JK,0.0,12461.25,12212.025,0,Sell,0.0,1.405023207782327,False,False,,,,None
17090,2023-01-17,12550.0,12550.0,12550.0,11800.0,12550.0,1800,SMMA.JK,0.0,12466.25,12216.925,0,Sell,0.0,1.405023207782327,False,False,,,,None
17091,2023-01-18,12550.0,12550.0,12550.0,12050.0,12550.0,4500,SMMA.JK,0.0,12471.25,12221.824999999999,0,Sell,0.0,1.405023207782327,False,False,,,,None
17092,2023-01-19,12550.0,12550.0,12550.0,12550.0,12550.0,0,SMMA.JK,0.0,12476.25,12226.725,0,Sell,0.0,1.405023207782327,False,False,,,,None
17093,2023-01-20,12550.0,12550.0,12575.0,12050.0,12550.0,400,SMMA.JK,0.0,12481.25,12231.625,0,Sell,0.0,1.405023207782327,False,False,,,,None
17094,2023-01-24,12550.0,12550.0,12550.0,12550.0,12550.0,0,SMMA.JK,0.0,12512.5,12262.25,0,Sell,0.0,1.405023207782327,False,False,,,,None
17095,2023-01-25,12600.0,12600.0,12600.0,12550.0,12550.0,200,SMMA.JK,0.003984063745019917,12521.25,12270.824999999999,0,Sell,0.0,1.405023207782327,False,False,,,,None
17096,2023-01-26,12600.0,12600.0,12600.0,12600.0,12600.0,0,SMMA.JK,0.0,12528.75,12278.175,0,Sell,0.0,1.405023207782327,False,False,,,,None
17097,2023-01-27,12600.0,12600.0,12600.0,12600.0,12600.0,0,SMMA.JK,0.0,12536.25,12285.525,0,Sell,0.0,1.405023207782327,False,False,,,,None
17098,2023-01-30,12600.0,12600.0,12600.0,12500.0,12500.0,1100,SMMA.JK,0.0,12538.75,12287.975,0,Sell,0.0,1.405023207782327,False,False,,,,None
17099,2023-01-31,12600.0,12600.0,12600.0,12600.0,12600.0,0,SMMA.JK,0.0,12541.25,12290.425,0,Sell,0.0,1.405023207782327,False,False,,,,None
17100,2023-02-01,12600.0,12600.0,12600.0,12600.0,12600.0,0,SMMA.JK,0.0,12543.75,12292.875,0,Sell,0.0,1.405023207782327,False,False,,,,None
17101,2023-02-02,12600.0,12600.0,12600.0,12600.0,12600.0,0,SMMA.JK,0.0,12546.25,12295.324999999999,0,Sell,0.0,1.405023207782327,False,False,,,,None
17102,2023-02-03,12600.0,12600.0,12600.0,12475.0,12500.0,1400,SMMA.JK,0.0,12550.0,12299.0,0,Sell,0.0,1.405023207782327,False,False,,,,None
17103,2023-02-06,12600.0,12600.0,12600.0,12500.0,12500.0,1200,SMMA.JK,0.0,12572.5,12321.05,0,Sell,0.0,1.405023207782327,False,False,,,,None
17104,2023-02-07,12600.0,12600.0,12600.0,12100.0,12500.0,1400,SMMA.JK,0.0,12575.0,12323.5,0,Sell,0.0,1.405023207782327,False,False,,,,None
17105,2023-02-08,12600.0,12600.0,12600.0,12500.0,12500.0,1200,SMMA.JK,0.0,12577.5,12325.949999999999,0,Sell,0.0,1.405023207782327,False,False,,,,None
17106,2023-02-09,12600.0,12600.0,12600.0,12500.0,12500.0,1100,SMMA.JK,0.0,12580.0,12328.4,0,Sell,0.0,1.405023207782327,False,False,,,,None
17107,2023-02-10,12600.0,12600.0,12600.0,12600.0,12600.0,0,SMMA.JK,0.0,12582.5,12330.85,0,Sell,0.0,1.405023207782327,False,False,,,,None
17108,2023-02-13,12600.0,12600.0,12600.0,12600.0,12600.0,0,SMMA.JK,0.0,12585.0,12333.3,0,Sell,0.0,1.405023207782327,False,False,,,,None
17109,2023-02-14,12600.0,12600.0,12600.0,12600.0,12600.0,0,SMMA.JK,0.0,12587.5,12335.75,0,Sell,0.0,1.405023207782327,False,False,,,,None
17110,2023-02-15,12600.0,12600.0,12600.0,11900.0,12500.0,2000,SMMA.JK,0.0,12590.0,12338.199999999999,0,Sell,0.0,1.405023207782327,False,False,,,,None
17111,2023-02-16,12600.0,12600.0,12600.0,12600.0,12600.0,0,SMMA.JK,0.0,12592.5,12340.65,0,Sell,0.0,1.405023207782327,False,False,,,,None
17112,2023-02-17,12600.0,12600.0,12600.0,11850.0,12500.0,1400,SMMA.JK,0.0,12595.0,12343.1,0,Sell,0.0,1.405023207782327,False,False,,,,None
17113,2023-02-20,12600.0,12600.0,12600.0,12600.0,12600.0,0,SMMA.JK,0.0,12597.5,12345.55,0,Sell,0.0,1.405023207782327,False,False,,,,None
17114,2023-02-21,12600.0,12600.0,12600.0,12600.0,12600.0,0,SMMA.JK,0.0,12600.0,12348.0,0,Sell,0.0,1.405023207782327,False,False,,,,None
17115,2023-02-22,12650.0,12650.0,12650.0,12600.0,12600.0,1400,SMMA.JK,0.003968253968253954,12602.5,12350.449999999999,0,Sell,0.0,1.405023207782327,False,False,,,,None
17116,2023-02-23,12650.0,12650.0,12650.0,12650.0,12650.0,0,SMMA.JK,0.0,12605.0,12352.9,0,Sell,0.0,1.405023207782327,False,False,,,,None
17117,2023-02-24,12650.0,12650.0,12650.0,12650.0,12650.0,0,SMMA.JK,0.0,12607.5,12355.35,0,Sell,0.0,1.405023207782327,False,False,,,,None
17118,2023-02-27,12650.0,12650.0,12650.0,12650.0,12650.0,100,SMMA.JK,0.0,12610.0,12357.8,0,Sell,0.0,1.405023207782327,False,False,,,,None
17119,2023-02-28,12650.0,12650.0,12650.0,12650.0,12650.0,0,SMMA.JK,0.0,12612.5,12360.25,0,Sell,0.0,1.405023207782327,False,False,,,,None
17120,2023-03-01,12650.0,12650.0,12650.0,12650.0,12650.0,0,SMMA.JK,0.0,12615.0,12362.699999999999,0,Sell,0.0,1.405023207782327,False,False,,,,None
17121,2023-03-02,12650.0,12650.0,12650.0,12650.0,12650.0,0,SMMA.JK,0.0,12617.5,12365.15,0,Sell,0.0,1.405023207782327,False,False,,,,None
17122,2023-03-03,12650.0,12650.0,12650.0,12650.0,12650.0,0,SMMA.JK,0.0,12620.0,12367.6,0,Sell,0.0,1.405023207782327,False,False,,,,None
17123,2023-03-06,12650.0,12650.0,12800.0,12650.0,12775.0,400,SMMA.JK,0.0,12622.5,12370.05,0,Sell,0.0,1.405023207782327,False,False,,,,None
17124,2023-03-07,12700.0,12700.0,12700.0,12500.0,12500.0,200,SMMA.JK,0.0039525691699604515,12627.5,12374.949999999999,0,Sell,0.0,1.405023207782327,False,False,,,,None
17125,2023-03-08,12700.0,12700.0,12700.0,12700.0,12700.0,0,SMMA.JK,0.0,12632.5,12379.85,0,Sell,0.0,1.405023207782327,False,False,,,,None
17126,2023-03-09,12700.0,12700.0,12700.0,12700.0,12700.0,0,SMMA.JK,0.0,12637.5,12384.75,0,Sell,0.0,1.405023207782327,False,False,,,,None
17127,2023-03-10,12700.0,12700.0,12700.0,12700.0,12700.0,0,SMMA.JK,0.0,12642.5,12389.65,0,Sell,0.0,1.405023207782327,False,False,,,,None
17128,2023-03-13,12700.0,12700.0,12700.0,12500.0,12500.0,700,SMMA.JK,0.0,12647.5,12394.55,0,Sell,0.0,1.405023207782327,False,False,,,,None
17129,2023-03-14,12700.0,12700.0,12700.0,12700.0,12700.0,0,SMMA.JK,0.0,12652.5,12399.449999999999,0,Sell,0.0,1.405023207782327,False,False,,,,None
17130,2023-03-15,12700.0,12700.0,12700.0,12700.0,12700.0,0,SMMA.JK,0.0,12657.5,12404.35,0,Sell,0.0,1.405023207782327,False,False,,,,None
17131,2023-03-16,12700.0,12700.0,12700.0,12700.0,12700.0,0,SMMA.JK,0.0,12662.5,12409.25,0,Sell,0.0,1.405023207782327,False,False,,,,None
17132,2023-03-17,12700.0,12700.0,12700.0,12700.0,12700.0,0,SMMA.JK,0.0,12667.5,12414.15,0,Sell,0.0,1.405023207782327,False,False,,,,None
17133,2023-03-20,12700.0,12700.0,12700.0,12700.0,12700.0,0,SMMA.JK,0.0,12672.5,12419.05,0,Sell,0.0,1.405023207782327,False,False,,,,None
17134,2023-03-21,12750.0,12750.0,12750.0,12500.0,12500.0,300,SMMA.JK,0.003937007874015741,12680.0,12426.4,0,Sell,0.0,1.405023207782327,False,False,,,,None
17135,2023-03-24,12750.0,12750.0,12750.0,12025.0,12750.0,600,SMMA.JK,0.0,12685.0,12431.3,0,Sell,0.0,1.405023207782327,False,False,,,,None
17136,2023-03-27,12750.0,12750.0,12775.0,12150.0,12775.0,700,SMMA.JK,0.0,12690.0,12436.199999999999,0,Sell,0.0,1.405023207782327,False,False,,,,None
17137,2023-03-28,12750.0,12750.0,12750.0,12375.0,12500.0,1200,SMMA.JK,0.0,12695.0,12441.1,0,Sell,0.0,1.405023207782327,False,False,,,,None
17138,2023-03-29,12750.0,12750.0,12750.0,12225.0,12750.0,700,SMMA.JK,0.0,12700.0,12446.0,0,Sell,0.0,1.405023207782327,False,False,,,,None
17139,2023-03-30,12750.0,12750.0,12750.0,12750.0,12750.0,0,SMMA.JK,0.0,12705.0,12450.9,0,Sell,0.0,1.405023207782327,False,False,,,,None
17140,2023-03-31,12750.0,12750.0,12750.0,12750.0,12750.0,100,SMMA.JK,0.0,12710.0,12455.8,0,Sell,0.0,1.405023207782327,False,False,,,,None
17141,2023-04-03,12750.0,12750.0,12750.0,12750.0,12750.0,100,SMMA.JK,0.0,12715.0,12460.699999999999,0,Sell,0.0,1.405023207782327,False,False,,,,None
17142,2023-04-04,12750.0,12750.0,12800.0,12275.0,12800.0,600,SMMA.JK,0.0,12720.0,12465.6,0,Sell,0.0,1.405023207782327,False,False,,,,None
17143,2023-04-05,12750.0,12750.0,12750.0,12750.0,12750.0,0,SMMA.JK,0.0,12725.0,12470.5,0,Sell,0.0,1.405023207782327,False,False,,,,None
17144,2023-04-06,12800.0,12800.0,12800.0,12725.0,12725.0,1800,SMMA.JK,0.0039215686274509665,12730.0,12475.4,0,Sell,0.0,1.405023207782327,False,False,,,,None
17145,2023-04-10,12800.0,12800.0,12800.0,12800.0,12800.0,2600,SMMA.JK,0.0,12735.0,12480.3,0,Sell,0.0,1.405023207782327,False,False,,,,None
17146,2023-04-11,12800.0,12800.0,12800.0,12800.0,12800.0,0,SMMA.JK,0.0,12740.0,12485.199999999999,0,Sell,0.0,1.405023207782327,False,False,,,,None
17147,2023-04-12,12800.0,12800.0,12800.0,12800.0,12800.0,0,SMMA.JK,0.0,12745.0,12490.1,0,Sell,0.0,1.405023207782327,False,False,,,,None
17148,2023-04-13,12800.0,12800.0,12800.0,12800.0,12800.0,0,SMMA.JK,0.0,12750.0,12495.0,0,Sell,0.0,1.405023207782327,False,False,,,,None
17149,2023-04-14,12800.0,12800.0,12800.0,12800.0,12800.0,100,SMMA.JK,0.0,12755.0,12499.9,0,Sell,0.0,1.405023207782327,False,False,,,,None
17150,2023-04-17,12800.0,12800.0,12800.0,12800.0,12800.0,0,SMMA.JK,0.0,12760.0,12504.8,0,Sell,0.0,1.405023207782327,False,False,,,,None
17151,2023-04-18,12800.0,12800.0,12800.0,12800.0,12800.0,0,SMMA.JK,0.0,12765.0,12509.699999999999,0,Sell,0.0,1.405023207782327,False,False,,,,None
17152,2023-04-26,12800.0,12800.0,12800.0,12550.0,12550.0,300,SMMA.JK,0.0,12770.0,12514.6,0,Sell,0.0,1.405023207782327,False,False,,,,None
17153,2023-04-27,12800.0,12800.0,12800.0,12750.0,12750.0,1500,SMMA.JK,0.0,12775.0,12519.5,0,Sell,0.0,1.405023207782327,False,False,,,,None
17154,2023-04-28,12800.0,12800.0,12800.0,12800.0,12800.0,0,SMMA.JK,0.0,12777.5,12521.949999999999,0,Sell,0.0,1.405023207782327,False,False,,,,None
17155,2023-05-02,12800.0,12800.0,12800.0,12800.0,12800.0,200,SMMA.JK,0.0,12780.0,12524.4,0,Sell,0.0,1.405023207782327,False,False,,,,None
17156,2023-05-03,12800.0,12800.0,12800.0,12800.0,12800.0,0,SMMA.JK,0.0,12782.5,12526.85,0,Sell,0.0,1.405023207782327,False,False,,,,None
17157,2023-05-04,12800.0,12800.0,12800.0,12800.0,12800.0,100,SMMA.JK,0.0,12785.0,12529.3,0,Sell,0.0,1.405023207782327,False,False,,,,None
17158,2023-05-05,12800.0,12800.0,12800.0,12800.0,12800.0,0,SMMA.JK,0.0,12787.5,12531.75,0,Sell,0.0,1.405023207782327,False,False,,,,None
17159,2023-05-08,12800.0,12800.0,12800.0,12500.0,12750.0,300,SMMA.JK,0.0,12790.0,12534.199999999999,0,Sell,0.0,1.405023207782327,False,False,,,,None
17160,2023-05-09,12800.0,12800.0,12800.0,12800.0,12800.0,0,SMMA.JK,0.0,12792.5,12536.65,0,Sell,0.0,1.405023207782327,False,False,,,,None
17161,2023-05-10,12800.0,12800.0,12800.0,12800.0,12800.0,0,SMMA.JK,0.0,12795.0,12539.1,0,Sell,0.0,1.405023207782327,False,False,,,,None
17162,2023-05-11,12800.0,12800.0,12800.0,12800.0,12800.0,0,SMMA.JK,0.0,12797.5,12541.55,0,Sell,0.0,1.405023207782327,False,False,,,,None
17163,2023-05-12,12800.0,12800.0,12800.0,12800.0,12800.0,0,SMMA.JK,0.0,12800.0,12544.0,0,Sell,0.0,1.405023207782327,False,False,,,,None
17164,2023-05-15,12800.0,12800.0,12875.0,12800.0,12875.0,200,SMMA.JK,0.0,12800.0,12544.0,0,Sell,0.0,1.405023207782327,False,False,,,,None
17165,2023-05-16,12800.0,12800.0,12800.0,12800.0,12800.0,0,SMMA.JK,0.0,12800.0,12544.0,0,Sell,0.0,1.405023207782327,False,False,,,,None
17166,2023-05-17,12800.0,12800.0,12800.0,12800.0,12800.0,0,SMMA.JK,0.0,12800.0,12544.0,0,Sell,0.0,1.405023207782327,False,False,,,,None
17167,2023-05-19,12800.0,12800.0,12825.0,12600.0,12600.0,300,SMMA.JK,0.0,12800.0,12544.0,0,Sell,0.0,1.405023207782327,False,False,,,,None
17168,2023-05-22,12800.0,12800.0,12800.0,12800.0,12800.0,0,SMMA.JK,0.0,12800.0,12544.0,0,Sell,0.0,1.405023207782327,False,False,,,,None
17169,2023-05-23,12800.0,12800.0,12800.0,12800.0,12800.0,0,SMMA.JK,0.0,12800.0,12544.0,0,Sell,0.0,1.405023207782327,False,False,,,,None
17170,2023-05-24,12800.0,12800.0,12900.0,12800.0,12900.0,600,SMMA.JK,0.0,12800.0,12544.0,0,Sell,0.0,1.405023207782327,False,False,,,,None
17171,2023-05-25,12800.0,12800.0,12800.0,12800.0,12800.0,0,SMMA.JK,0.0,12800.0,12544.0,0,Sell,0.0,1.405023207782327,False,False,,,,None
17172,2023-05-26,12800.0,12800.0,12800.0,12800.0,12800.0,0,SMMA.JK,0.0,12800.0,12544.0,0,Sell,0.0,1.405023207782327,False,False,,,,None
17173,2023-05-29,12800.0,12800.0,12900.0,12600.0,12600.0,1000,SMMA.JK,0.0,12800.0,12544.0,0,Sell,0.0,1.405023207782327,False,False,,,,None
17174,2023-05-30,12800.0,12800.0,12800.0,12600.0,12600.0,300,SMMA.JK,0.0,12800.0,12544.0,0,Sell,0.0,1.405023207782327,False,False,,,,None
17175,2023-05-31,12800.0,12800.0,12800.0,12800.0,12800.0,0,SMMA.JK,0.0,12800.0,12544.0,0,Sell,0.0,1.405023207782327,False,False,,,,None
17176,2023-06-05,12800.0,12800.0,12800.0,12800.0,12800.0,0,SMMA.JK,0.0,12800.0,12544.0,0,Sell,0.0,1.405023207782327,False,False,,,,None
17177,2023-06-06,12800.0,12800.0,12800.0,12800.0,12800.0,0,SMMA.JK,0.0,12800.0,12544.0,0,Sell,0.0,1.405023207782327,False,False,,,,None
17178,2023-06-07,12800.0,12800.0,12800.0,12650.0,12650.0,300,SMMA.JK,0.0,12800.0,12544.0,0,Sell,0.0,1.405023207782327,False,False,,,,None
17179,2023-06-08,12800.0,12800.0,12800.0,12800.0,12800.0,0,SMMA.JK,0.0,12800.0,12544.0,0,Sell,0.0,1.405023207782327,False,False,,,,None
17180,2023-06-09,12800.0,12800.0,13375.0,10975.0,12800.0,7300,SMMA.JK,0.0,12800.0,12544.0,0,Sell,0.0,1.405023207782327,False,False,,,,None
17181,2023-06-12,12800.0,12800.0,13500.0,12800.0,13500.0,6200,SMMA.JK,0.0,12800.0,12544.0,0,Sell,0.0,1.405023207782327,False,False,,,,None
17182,2023-06-13,12800.0,12800.0,12800.0,12800.0,12800.0,100,SMMA.JK,0.0,12800.0,12544.0,0,Sell,0.0,1.405023207782327,False,False,,,,None
17183,2023-06-14,12800.0,12800.0,12800.0,12800.0,12800.0,100,SMMA.JK,0.0,12800.0,12544.0,0,Sell,0.0,1.405023207782327,False,False,,,,None
17184,2023-06-15,12800.0,12800.0,12800.0,12500.0,12600.0,300,SMMA.JK,0.0,12800.0,12544.0,0,Sell,0.0,1.405023207782327,False,False,,,,None
17185,2023-06-16,12800.0,12800.0,12800.0,12800.0,12800.0,0,SMMA.JK,0.0,12800.0,12544.0,0,Sell,0.0,1.405023207782327,False,False,,,,None
17186,2023-06-19,12800.0,12800.0,12800.0,12800.0,12800.0,0,SMMA.JK,0.0,12800.0,12544.0,0,Sell,0.0,1.405023207782327,False,False,,,,None
17187,2023-06-20,12800.0,12800.0,12800.0,12800.0,12800.0,0,SMMA.JK,0.0,12800.0,12544.0,0,Sell,0.0,1.405023207782327,False,False,,,,None
17188,2023-06-21,12800.0,12800.0,12800.0,12800.0,12800.0,0,SMMA.JK,0.0,12800.0,12544.0,0,Sell,0.0,1.405023207782327,False,False,,,,None
17189,2023-06-22,12800.0,12800.0,12800.0,12800.0,12800.0,0,SMMA.JK,0.0,12800.0,12544.0,0,Sell,0.0,1.405023207782327,False,False,,,,None
17190,2023-06-23,12800.0,12800.0,12800.0,12800.0,12800.0,0,SMMA.JK,0.0,12800.0,12544.0,0,Sell,0.0,1.405023207782327,False,False,,,,None
17191,2023-06-26,12800.0,12800.0,12825.0,12800.0,12825.0,300,SMMA.JK,0.0,12800.0,12544.0,0,Sell,0.0,1.405023207782327,False,False,,,,None
17192,2023-06-27,12800.0,12800.0,12800.0,12800.0,12800.0,0,SMMA.JK,0.0,12800.0,12544.0,0,Sell,0.0,1.405023207782327,False,False,,,,None
17193,2023-07-03,12800.0,12800.0,12800.0,12800.0,12800.0,300,SMMA.JK,0.0,12800.0,12544.0,0,Sell,0.0,1.405023207782327,False,False,,,,None
17194,2023-07-04,12800.0,12800.0,12800.0,12800.0,12800.0,0,SMMA.JK,0.0,12800.0,12544.0,0,Sell,0.0,1.405023207782327,False,False,,,,None
17195,2023-07-05,12800.0,12800.0,12800.0,12800.0,12800.0,0,SMMA.JK,0.0,12800.0,12544.0,0,Sell,0.0,1.405023207782327,False,False,,,,None
17196,2023-07-06,12800.0,12800.0,12800.0,12800.0,12800.0,0,SMMA.JK,0.0,12800.0,12544.0,0,Sell,0.0,1.405023207782327,False,False,,,,None
17197,2023-07-07,12800.0,12800.0,12800.0,12800.0,12800.0,0,SMMA.JK,0.0,12800.0,12544.0,0,Sell,0.0,1.405023207782327,False,False,,,,None
17198,2023-07-10,12800.0,12800.0,12800.0,12800.0,12800.0,0,SMMA.JK,0.0,12800.0,12544.0,0,Sell,0.0,1.405023207782327,False,False,,,,None
17199,2023-07-11,12800.0,12800.0,12800.0,12800.0,12800.0,0,SMMA.JK,0.0,12800.0,12544.0,0,Sell,0.0,1.405023207782327,False,False,,,,None
17200,2023-07-12,12850.0,12850.0,12850.0,12850.0,12850.0,100,SMMA.JK,0.00390625,12802.5,12546.449999999999,0,Sell,0.0,1.405023207782327,False,False,,,,None
17201,2023-07-13,12850.0,12850.0,12850.0,12850.0,12850.0,0,SMMA.JK,0.0,12805.0,12548.9,0,Sell,0.0,1.405023207782327,False,False,,,,None
17202,2023-07-14,12850.0,12850.0,12850.0,12850.0,12850.0,0,SMMA.JK,0.0,12807.5,12551.35,0,Sell,0.0,1.405023207782327,False,False,,,,None
17203,2023-07-17,12850.0,12850.0,13100.0,12825.0,12825.0,8200,SMMA.JK,0.0,12810.0,12553.8,0,Sell,0.0,1.405023207782327,False,False,,,,None
17204,2023-07-18,12850.0,12850.0,12925.0,12850.0,12900.0,27200,SMMA.JK,0.0,12812.5,12556.25,0,Sell,0.0,1.405023207782327,False,False,,,,None
17205,2023-07-20,12900.0,12900.0,12925.0,12900.0,12925.0,71500,SMMA.JK,0.0038910505836575737,12817.5,12561.15,0,Sell,0.0,1.405023207782327,False,False,,,,None
17206,2023-07-21,12850.0,12850.0,12925.0,12850.0,12900.0,4500,SMMA.JK,-0.003875968992248069,12820.0,12563.6,0,Sell,-0.0,1.405023207782327,False,False,,,,None
17207,2023-07-24,12900.0,12900.0,12900.0,12900.0,12900.0,25100,SMMA.JK,0.0038910505836575737,12825.0,12568.5,0,Sell,0.0,1.405023207782327,False,False,,,,None
17208,2023-07-25,12900.0,12900.0,12900.0,12900.0,12900.0,200,SMMA.JK,0.0,12830.0,12573.4,0,Sell,0.0,1.405023207782327,False,False,,,,None
17209,2023-07-26,12900.0,12900.0,12900.0,12900.0,12900.0,41500,SMMA.JK,0.0,12835.0,12578.3,0,Sell,0.0,1.405023207782327,False,False,,,,None
17210,2023-07-27,12900.0,12900.0,12900.0,12900.0,12900.0,0,SMMA.JK,0.0,12840.0,12583.199999999999,0,Sell,0.0,1.405023207782327,False,False,,,,None
17211,2023-07-28,12900.0,12900.0,12900.0,12900.0,12900.0,200,SMMA.JK,0.0,12845.0,12588.1,0,Sell,0.0,1.405023207782327,False,False,,,,None
17212,2023-07-31,13000.0,13000.0,13000.0,13000.0,13000.0,100,SMMA.JK,0.007751937984496138,12855.0,12597.9,0,Sell,0.0,1.405023207782327,False,False,,,,None
17213,2023-08-01,13000.0,13000.0,13000.0,13000.0,13000.0,0,SMMA.JK,0.0,12865.0,12607.699999999999,0,Sell,0.0,1.405023207782327,False,False,,,,None
17214,2023-08-02,12900.0,12900.0,12900.0,12900.0,12900.0,200,SMMA.JK,-0.007692307692307665,12870.0,12612.6,0,Sell,-0.0,1.405023207782327,False,False,,,,None
17215,2023-08-03,12900.0,12900.0,12900.0,12900.0,12900.0,0,SMMA.JK,0.0,12875.0,12617.5,0,Sell,0.0,1.405023207782327,False,False,,,,None
17216,2023-08-04,12900.0,12900.0,12900.0,12900.0,12900.0,0,SMMA.JK,0.0,12880.0,12622.4,0,Sell,0.0,1.405023207782327,False,False,,,,None
17217,2023-08-07,12900.0,12900.0,12925.0,12900.0,12925.0,400,SMMA.JK,0.0,12885.0,12627.3,0,Sell,0.0,1.405023207782327,False,False,,,,None
17218,2023-08-08,12900.0,12900.0,12900.0,12900.0,12900.0,0,SMMA.JK,0.0,12890.0,12632.199999999999,0,Sell,0.0,1.405023207782327,False,False,,,,None
17219,2023-08-09,12900.0,12900.0,12900.0,12900.0,12900.0,0,SMMA.JK,0.0,12895.0,12637.1,0,Sell,0.0,1.405023207782327,False,False,,,,None
17220,2023-08-10,12900.0,12900.0,12925.0,12900.0,12925.0,200,SMMA.JK,0.0,12897.5,12639.55,0,Sell,0.0,1.405023207782327,False,False,,,,None
17221,2023-08-11,12900.0,12900.0,12900.0,12900.0,12900.0,0,SMMA.JK,0.0,12900.0,12642.0,0,Sell,0.0,1.405023207782327,False,False,,,,None
17222,2023-08-14,12900.0,12900.0,12900.0,12900.0,12900.0,100,SMMA.JK,0.0,12902.5,12644.449999999999,0,Sell,0.0,1.405023207782327,False,False,,,,None
17223,2023-08-15,12900.0,12900.0,12900.0,12900.0,12900.0,100,SMMA.JK,0.0,12905.0,12646.9,0,Sell,0.0,1.405023207782327,False,False,,,,None
17224,2023-08-16,12900.0,12900.0,12900.0,12900.0,12900.0,0,SMMA.JK,0.0,12907.5,12649.35,0,Sell,0.0,1.405023207782327,False,False,,,,None
17225,2023-08-18,12900.0,12900.0,12900.0,12900.0,12900.0,0,SMMA.JK,0.0,12907.5,12649.35,0,Sell,0.0,1.405023207782327,False,False,,,,None
17226,2023-08-21,12900.0,12900.0,12900.0,12900.0,12900.0,0,SMMA.JK,0.0,12910.0,12651.8,0,Sell,0.0,1.405023207782327,False,False,,,,None
17227,2023-08-22,12900.0,12900.0,12900.0,12900.0,12900.0,0,SMMA.JK,0.0,12910.0,12651.8,0,Sell,0.0,1.405023207782327,False,False,,,,None
17228,2023-08-23,12900.0,12900.0,12900.0,12900.0,12900.0,0,SMMA.JK,0.0,12910.0,12651.8,0,Sell,0.0,1.405023207782327,False,False,,,,None
17229,2023-08-24,12900.0,12900.0,12900.0,12900.0,12900.0,0,SMMA.JK,0.0,12910.0,12651.8,0,Sell,0.0,1.405023207782327,False,False,,,,None
17230,2023-08-25,12900.0,12900.0,12900.0,12900.0,12900.0,100,SMMA.JK,0.0,12910.0,12651.8,0,Sell,0.0,1.405023207782327,False,False,,,,None
17231,2023-08-28,12900.0,12900.0,12900.0,12900.0,12900.0,0,SMMA.JK,0.0,12910.0,12651.8,0,Sell,0.0,1.405023207782327,False,False,,,,None
17232,2023-08-29,12900.0,12900.0,12900.0,12900.0,12900.0,1100,SMMA.JK,0.0,12905.0,12646.9,0,Sell,0.0,1.405023207782327,False,False,,,,None
17233,2023-08-30,12900.0,12900.0,12900.0,12900.0,12900.0,20700,SMMA.JK,0.0,12900.0,12642.0,0,Sell,0.0,1.405023207782327,False,False,,,,None
17234,2023-08-31,12900.0,12900.0,12900.0,12900.0,12900.0,0,SMMA.JK,0.0,12900.0,12642.0,0,Sell,0.0,1.405023207782327,False,False,,,,None
17235,2023-09-01,12900.0,12900.0,12900.0,12900.0,12900.0,0,SMMA.JK,0.0,12900.0,12642.0,0,Sell,0.0,1.405023207782327,False,False,,,,None
17236,2023-09-04,12900.0,12900.0,12900.0,12900.0,12900.0,0,SMMA.JK,0.0,12900.0,12642.0,0,Sell,0.0,1.405023207782327,False,False,,,,None
17237,2023-09-05,12900.0,12900.0,12900.0,12900.0,12900.0,0,SMMA.JK,0.0,12900.0,12642.0,0,Sell,0.0,1.405023207782327,False,False,,,,None
17238,2023-09-06,12900.0,12900.0,12900.0,12900.0,12900.0,0,SMMA.JK,0.0,12900.0,12642.0,0,Sell,0.0,1.405023207782327,False,False,,,,None
17239,2023-09-07,12900.0,12900.0,12900.0,12900.0,12900.0,0,SMMA.JK,0.0,12900.0,12642.0,0,Sell,0.0,1.405023207782327,False,False,,,,None
17240,2023-09-08,12900.0,12900.0,12900.0,12900.0,12900.0,0,SMMA.JK,0.0,12900.0,12642.0,0,Sell,0.0,1.405023207782327,False,False,,,,None
17241,2023-09-11,12900.0,12900.0,12900.0,12900.0,12900.0,0,SMMA.JK,0.0,12900.0,12642.0,0,Sell,0.0,1.405023207782327,False,False,,,,None
17242,2023-09-12,12900.0,12900.0,12900.0,12900.0,12900.0,0,SMMA.JK,0.0,12900.0,12642.0,0,Sell,0.0,1.405023207782327,False,False,,,,None
17243,2023-09-13,12900.0,12900.0,12900.0,12900.0,12900.0,0,SMMA.JK,0.0,12900.0,12642.0,0,Sell,0.0,1.405023207782327,False,False,,,,None
17244,2023-09-14,12900.0,12900.0,12900.0,12900.0,12900.0,0,SMMA.JK,0.0,12900.0,12642.0,0,Sell,0.0,1.405023207782327,False,False,,,,None
17245,2023-09-15,12900.0,12900.0,12900.0,12900.0,12900.0,0,SMMA.JK,0.0,12900.0,12642.0,0,Sell,0.0,1.405023207782327,False,False,,,,None
17246,2023-09-18,12900.0,12900.0,12900.0,12900.0,12900.0,0,SMMA.JK,0.0,12900.0,12642.0,0,Sell,0.0,1.405023207782327,False,False,,,,None
17247,2023-09-19,12900.0,12900.0,12900.0,12900.0,12900.0,0,SMMA.JK,0.0,12900.0,12642.0,0,Sell,0.0,1.405023207782327,False,False,,,,None
17248,2023-09-20,12900.0,12900.0,12900.0,12900.0,12900.0,0,SMMA.JK,0.0,12900.0,12642.0,0,Sell,0.0,1.405023207782327,False,False,,,,None
17249,2023-09-21,12900.0,12900.0,12900.0,12900.0,12900.0,0,SMMA.JK,0.0,12900.0,12642.0,0,Sell,0.0,1.405023207782327,False,False,,,,None
17250,2023-09-22,12900.0,12900.0,12900.0,12900.0,12900.0,0,SMMA.JK,0.0,12900.0,12642.0,0,Sell,0.0,1.405023207782327,False,False,,,,None
17251,2023-09-25,12950.0,12950.0,12950.0,12950.0,12950.0,300,SMMA.JK,0.003875968992248069,12902.5,12644.449999999999,0,Sell,0.0,1.405023207782327,False,False,,,,None
17252,2023-09-26,12950.0,12950.0,12950.0,12950.0,12950.0,0,SMMA.JK,0.0,12905.0,12646.9,0,Sell,0.0,1.405023207782327,False,False,,,,None
17253,2023-09-27,12950.0,12950.0,12950.0,12950.0,12950.0,200,SMMA.JK,0.0,12907.5,12649.35,0,Sell,0.0,1.405023207782327,False,False,,,,None
17254,2023-09-29,12950.0,12950.0,12950.0,12950.0,12950.0,0,SMMA.JK,0.0,12910.0,12651.8,0,Sell,0.0,1.405023207782327,False,False,,,,None
17255,2023-10-02,12950.0,12950.0,12950.0,12950.0,12950.0,0,SMMA.JK,0.0,12912.5,12654.25,0,Sell,0.0,1.405023207782327,False,False,,,,None
17256,2023-10-03,11575.0,11575.0,15400.0,11575.0,15400.0,600,SMMA.JK,-0.10617760617760619,12846.25,12589.324999999999,1,Buy,-0.0,1.405023207782327,True,False,0.23366476673701775,2023-10-04,13500.0,Win
17257,2023-10-04,13500.0,13500.0,13500.0,13500.0,13500.0,400,SMMA.JK,0.16630669546436283,12876.25,12618.725,0,Sell,0.16630669546436283,1.6386879745193448,False,True,,,,None
17258,2023-10-05,13500.0,13500.0,13525.0,13350.0,13350.0,1300,SMMA.JK,0.0,12906.25,12648.125,0,Sell,0.0,1.6386879745193448,False,False,,,,None
17259,2023-10-06,13500.0,13500.0,13500.0,13450.0,13450.0,1400,SMMA.JK,0.0,12936.25,12677.525,0,Sell,0.0,1.6386879745193448,False,False,,,,None
17260,2023-10-09,13500.0,13500.0,13550.0,13475.0,13550.0,7900,SMMA.JK,0.0,12966.25,12706.925,0,Sell,0.0,1.6386879745193448,False,False,,,,None
17261,2023-10-10,13500.0,13500.0,13500.0,13500.0,13500.0,600,SMMA.JK,0.0,12996.25,12736.324999999999,0,Sell,0.0,1.6386879745193448,False,False,,,,None
17262,2023-10-11,13500.0,13500.0,13500.0,13500.0,13500.0,600,SMMA.JK,0.0,13026.25,12765.725,0,Sell,0.0,1.6386879745193448,False,False,,,,None
17263,2023-10-12,13500.0,13500.0,13500.0,13500.0,13500.0,600,SMMA.JK,0.0,13056.25,12795.125,0,Sell,0.0,1.6386879745193448,False,False,,,,None
17264,2023-10-13,13500.0,13500.0,13500.0,12500.0,13475.0,1100,SMMA.JK,0.0,13086.25,12824.525,0,Sell,0.0,1.6386879745193448,False,False,,,,None
17265,2023-10-16,13500.0,13500.0,13500.0,13500.0,13500.0,500,SMMA.JK,0.0,13116.25,12853.925,0,Sell,0.0,1.6386879745193448,False,False,,,,None
17266,2023-10-17,13500.0,13500.0,13500.0,13500.0,13500.0,600,SMMA.JK,0.0,13146.25,12883.324999999999,0,Sell,0.0,1.6386879745193448,False,False,,,,None
17267,2023-10-18,13500.0,13500.0,13500.0,13500.0,13500.0,700,SMMA.JK,0.0,13176.25,12912.725,0,Sell,0.0,1.6386879745193448,False,False,,,,None
17268,2023-10-19,13500.0,13500.0,13500.0,13500.0,13500.0,700,SMMA.JK,0.0,13206.25,12942.125,0,Sell,0.0,1.6386879745193448,False,False,,,,None
17269,2023-10-20,13500.0,13500.0,13500.0,13500.0,13500.0,500,SMMA.JK,0.0,13236.25,12971.525,0,Sell,0.0,1.6386879745193448,False,False,,,,None
17270,2023-10-23,13500.0,13500.0,13500.0,13500.0,13500.0,700,SMMA.JK,0.0,13266.25,13000.925,0,Sell,0.0,1.6386879745193448,False,False,,,,None
17271,2023-10-24,13500.0,13500.0,13500.0,13300.0,13300.0,700,SMMA.JK,0.0,13293.75,13027.875,0,Sell,0.0,1.6386879745193448,False,False,,,,None
17272,2023-10-25,14500.0,14500.0,14500.0,14500.0,14500.0,500,SMMA.JK,0.07407407407407418,13371.25,13103.824999999999,0,Sell,0.0,1.6386879745193448,False,False,,,,None
17273,2023-10-26,14500.0,14500.0,14500.0,14500.0,14500.0,600,SMMA.JK,0.0,13448.75,13179.775,0,Sell,0.0,1.6386879745193448,False,False,,,,None
17274,2023-10-27,14500.0,14500.0,14500.0,14500.0,14500.0,500,SMMA.JK,0.0,13526.25,13255.725,0,Sell,0.0,1.6386879745193448,False,False,,,,None
17275,2023-10-30,14475.0,14475.0,14475.0,12250.0,14475.0,600,SMMA.JK,-0.0017241379310344307,13602.5,13330.449999999999,0,Sell,-0.0,1.6386879745193448,False,False,,,,None
17276,2023-10-31,14475.0,14475.0,14475.0,14475.0,14475.0,300,SMMA.JK,0.0,13747.5,13472.55,0,Sell,0.0,1.6386879745193448,False,False,,,,None
17277,2023-11-01,14500.0,14500.0,14500.0,14500.0,14500.0,300,SMMA.JK,0.0017271157167531026,13797.5,13521.55,0,Sell,0.0,1.6386879745193448,False,False,,,,None
17278,2023-11-02,14500.0,14500.0,14500.0,14500.0,14500.0,400,SMMA.JK,0.0,13847.5,13570.55,0,Sell,0.0,1.6386879745193448,False,False,,,,None
17279,2023-11-03,14500.0,14500.0,14500.0,14500.0,14500.0,200,SMMA.JK,0.0,13897.5,13619.55,0,Sell,0.0,1.6386879745193448,False,False,,,,None
17280,2023-11-06,14500.0,14500.0,14500.0,14500.0,14500.0,300,SMMA.JK,0.0,13947.5,13668.55,0,Sell,0.0,1.6386879745193448,False,False,,,,None
17281,2023-11-07,14400.0,14400.0,14400.0,14400.0,14400.0,200,SMMA.JK,-0.006896551724137945,13992.5,13712.65,0,Sell,-0.0,1.6386879745193448,False,False,,,,None
17282,2023-11-08,14500.0,14500.0,14500.0,14500.0,14500.0,300,SMMA.JK,0.00694444444444442,14042.5,13761.65,0,Sell,0.0,1.6386879745193448,False,False,,,,None
17283,2023-11-09,14500.0,14500.0,14500.0,14500.0,14500.0,100,SMMA.JK,0.0,14092.5,13810.65,0,Sell,0.0,1.6386879745193448,False,False,,,,None
17284,2023-11-10,14500.0,14500.0,14500.0,14500.0,14500.0,100,SMMA.JK,0.0,14142.5,13859.65,0,Sell,0.0,1.6386879745193448,False,False,,,,None
17285,2023-11-13,14500.0,14500.0,14500.0,14500.0,14500.0,100,SMMA.JK,0.0,14192.5,13908.65,0,Sell,0.0,1.6386879745193448,False,False,,,,None
17286,2023-11-14,14500.0,14500.0,14500.0,14500.0,14500.0,100,SMMA.JK,0.0,14242.5,13957.65,0,Sell,0.0,1.6386879745193448,False,False,,,,None
17287,2023-11-15,14475.0,14475.0,14475.0,14475.0,14475.0,100,SMMA.JK,-0.0017241379310344307,14291.25,14005.425,0,Sell,-0.0,1.6386879745193448,False,False,,,,None
17288,2023-11-16,14475.0,14475.0,14475.0,14475.0,14475.0,0,SMMA.JK,0.0,14340.0,14053.199999999999,0,Sell,0.0,1.6386879745193448,False,False,,,,None
17289,2023-11-17,14475.0,14475.0,14475.0,14475.0,14475.0,0,SMMA.JK,0.0,14388.75,14100.975,0,Sell,0.0,1.6386879745193448,False,False,,,,None
17290,2023-11-20,14475.0,14475.0,14475.0,14475.0,14475.0,0,SMMA.JK,0.0,14437.5,14148.75,0,Sell,0.0,1.6386879745193448,False,False,,,,None
17291,2023-11-21,14475.0,14475.0,14475.0,14475.0,14475.0,0,SMMA.JK,0.0,14486.25,14196.525,0,Sell,0.0,1.6386879745193448,False,False,,,,None
17292,2023-11-22,14475.0,14475.0,14475.0,14475.0,14475.0,0,SMMA.JK,0.0,14485.0,14195.3,0,Sell,0.0,1.6386879745193448,False,False,,,,None
17293,2023-11-23,14475.0,14475.0,14475.0,14475.0,14475.0,0,SMMA.JK,0.0,14483.75,14194.074999999999,0,Sell,0.0,1.6386879745193448,False,False,,,,None
17294,2023-11-24,14475.0,14475.0,14475.0,14475.0,14475.0,0,SMMA.JK,0.0,14482.5,14192.85,0,Sell,0.0,1.6386879745193448,False,False,,,,None
17295,2023-11-27,14475.0,14475.0,14475.0,14475.0,14475.0,0,SMMA.JK,0.0,14482.5,14192.85,0,Sell,0.0,1.6386879745193448,False,False,,,,None
17296,2023-11-28,14475.0,14475.0,14475.0,14475.0,14475.0,0,SMMA.JK,0.0,14482.5,14192.85,0,Sell,0.0,1.6386879745193448,False,False,,,,None
17297,2023-11-29,14475.0,14475.0,14475.0,14475.0,14475.0,0,SMMA.JK,0.0,14481.25,14191.625,0,Sell,0.0,1.6386879745193448,False,False,,,,None
17298,2023-11-30,14475.0,14475.0,14475.0,14475.0,14475.0,0,SMMA.JK,0.0,14480.0,14190.4,0,Sell,0.0,1.6386879745193448,False,False,,,,None
17299,2023-12-01,13575.0,13575.0,14225.0,13575.0,14225.0,700,SMMA.JK,-0.06217616580310881,14433.75,14145.074999999999,1,Buy,-0.0,1.6386879745193448,True,False,0.11166013822691667,2023-12-04,14500.0,Win
17300,2023-12-04,14500.0,14500.0,14500.0,13550.0,13550.0,184600,SMMA.JK,0.06813996316758741,14433.75,14145.074999999999,0,Sell,0.06813996316758741,1.7503481127462615,False,True,,,,None
17301,2023-12-05,14500.0,14500.0,14500.0,14500.0,14500.0,0,SMMA.JK,0.0,14438.75,14149.975,0,Sell,0.0,1.7503481127462615,False,False,,,,None
17302,2023-12-06,14500.0,14500.0,14500.0,14500.0,14500.0,0,SMMA.JK,0.0,14438.75,14149.975,0,Sell,0.0,1.7503481127462615,False,False,,,,None
17303,2023-12-07,14500.0,14500.0,14500.0,14500.0,14500.0,0,SMMA.JK,0.0,14438.75,14149.975,0,Sell,0.0,1.7503481127462615,False,False,,,,None
17304,2023-12-08,12800.0,12800.0,12800.0,12800.0,12800.0,200,SMMA.JK,-0.11724137931034484,14353.75,14066.675,1,Buy,-0.0,1.7503481127462615,True,False,0.23246810872411294,2023-12-11,14500.0,Win
17305,2023-12-11,14500.0,14500.0,14500.0,14500.0,14500.0,2400,SMMA.JK,0.1328125,14353.75,14066.675,0,Sell,0.1328125,1.9828162214703744,False,True,,,,None
17306,2023-12-12,14500.0,14500.0,14500.0,14500.0,14500.0,200,SMMA.JK,0.0,14353.75,14066.675,0,Sell,0.0,1.9828162214703744,False,False,,,,None
17307,2023-12-13,14500.0,14500.0,14500.0,14500.0,14500.0,0,SMMA.JK,0.0,14355.0,14067.9,0,Sell,0.0,1.9828162214703744,False,False,,,,None
17308,2023-12-14,14500.0,14500.0,14500.0,14500.0,14500.0,0,SMMA.JK,0.0,14356.25,14069.125,0,Sell,0.0,1.9828162214703744,False,False,,,,None
17309,2023-12-15,14500.0,14500.0,14500.0,14500.0,14500.0,0,SMMA.JK,0.0,14357.5,14070.35,0,Sell,0.0,1.9828162214703744,False,False,,,,None
17310,2023-12-18,14500.0,14500.0,14500.0,14500.0,14500.0,0,SMMA.JK,0.0,14358.75,14071.574999999999,0,Sell,0.0,1.9828162214703744,False,False,,,,None
17311,2023-12-19,14500.0,14500.0,14500.0,12775.0,13100.0,4900,SMMA.JK,0.0,14360.0,14072.8,0,Sell,0.0,1.9828162214703744,False,False,,,,None
17312,2023-12-20,14500.0,14500.0,14500.0,14500.0,14500.0,0,SMMA.JK,0.0,14361.25,14074.025,0,Sell,0.0,1.9828162214703744,False,False,,,,None
17313,2023-12-21,14500.0,14500.0,14500.0,14500.0,14500.0,0,SMMA.JK,0.0,14362.5,14075.25,0,Sell,0.0,1.9828162214703744,False,False,,,,None
17314,2023-12-22,14500.0,14500.0,14500.0,14500.0,14500.0,0,SMMA.JK,0.0,14363.75,14076.475,0,Sell,0.0,1.9828162214703744,False,False,,,,None
17315,2023-12-27,14500.0,14500.0,14500.0,14500.0,14500.0,0,SMMA.JK,0.0,14365.0,14077.699999999999,0,Sell,0.0,1.9828162214703744,False,False,,,,None
17316,2023-12-28,14500.0,14500.0,14500.0,13450.0,14000.0,1400,SMMA.JK,0.0,14366.25,14078.925,0,Sell,0.0,1.9828162214703744,False,False,,,,None
17317,2023-12-29,14500.0,14500.0,14500.0,14500.0,14500.0,0,SMMA.JK,0.0,14367.5,14080.15,0,Sell,0.0,1.9828162214703744,False,False,,,,None
17318,2024-01-02,14500.0,14500.0,14600.0,13200.0,14600.0,1300,SMMA.JK,0.0,14368.75,14081.375,0,Sell,0.0,1.9828162214703744,False,False,,,,None
17319,2024-01-03,14500.0,14500.0,14500.0,14500.0,14500.0,0,SMMA.JK,0.0,14415.0,14126.699999999999,0,Sell,0.0,1.9828162214703744,False,False,,,,None
17320,2024-01-04,14500.0,14500.0,14500.0,14500.0,14500.0,0,SMMA.JK,0.0,14415.0,14126.699999999999,0,Sell,0.0,1.9828162214703744,False,False,,,,None
17321,2024-01-05,14500.0,14500.0,14500.0,14500.0,14500.0,0,SMMA.JK,0.0,14415.0,14126.699999999999,0,Sell,0.0,1.9828162214703744,False,False,,,,None
17322,2024-01-08,14500.0,14500.0,14500.0,14500.0,14500.0,0,SMMA.JK,0.0,14415.0,14126.699999999999,0,Sell,0.0,1.9828162214703744,False,False,,,,None
17323,2024-01-09,14500.0,14500.0,14500.0,14500.0,14500.0,0,SMMA.JK,0.0,14415.0,14126.699999999999,0,Sell,0.0,1.9828162214703744,False,False,,,,None
17324,2024-01-10,14500.0,14500.0,14500.0,14500.0,14500.0,0,SMMA.JK,0.0,14500.0,14210.0,0,Sell,0.0,1.9828162214703744,False,False,,,,None
17325,2024-01-11,14500.0,14500.0,14500.0,14500.0,14500.0,0,SMMA.JK,0.0,14500.0,14210.0,0,Sell,0.0,1.9828162214703744,False,False,,,,None
17326,2024-01-12,14500.0,14500.0,14500.0,14500.0,14500.0,0,SMMA.JK,0.0,14500.0,14210.0,0,Sell,0.0,1.9828162214703744,False,False,,,,None
17327,2024-01-15,14500.0,14500.0,14500.0,14500.0,14500.0,0,SMMA.JK,0.0,14500.0,14210.0,0,Sell,0.0,1.9828162214703744,False,False,,,,None
17328,2024-01-16,14500.0,14500.0,14500.0,14500.0,14500.0,0,SMMA.JK,0.0,14500.0,14210.0,0,Sell,0.0,1.9828162214703744,False,False,,,,None
17329,2024-01-17,14500.0,14500.0,14500.0,14500.0,14500.0,0,SMMA.JK,0.0,14500.0,14210.0,0,Sell,0.0,1.9828162214703744,False,False,,,,None
17330,2024-01-18,14500.0,14500.0,14500.0,14500.0,14500.0,0,SMMA.JK,0.0,14500.0,14210.0,0,Sell,0.0,1.9828162214703744,False,False,,,,None
17331,2024-01-19,15150.0,15150.0,15150.0,14500.0,14500.0,400,SMMA.JK,0.04482758620689653,14532.5,14241.85,0,Sell,0.0,1.9828162214703744,False,False,,,,None
17332,2024-01-22,16900.0,16900.0,16900.0,15150.0,15150.0,400,SMMA.JK,0.11551155115511547,14652.5,14359.449999999999,0,Sell,0.0,1.9828162214703744,False,False,,,,None
17333,2024-01-23,18500.0,18500.0,18500.0,16900.0,16900.0,3400,SMMA.JK,0.09467455621301779,14852.5,14555.449999999999,0,Sell,0.0,1.9828162214703744,False,False,,,,None
17334,2024-01-24,21375.0,21375.0,22200.0,17750.0,18500.0,17900,SMMA.JK,0.15540540540540548,15196.25,14892.324999999999,0,Sell,0.0,1.9828162214703744,False,False,,,,None
17335,2024-01-25,19100.0,19100.0,22200.0,18950.0,21400.0,17800,SMMA.JK,-0.10643274853801166,15426.25,15117.725,0,Sell,-0.0,1.9828162214703744,False,False,,,,None
17336,2024-01-26,21000.0,21000.0,22000.0,19100.0,19100.0,26600,SMMA.JK,0.09947643979057585,15751.25,15436.225,0,Sell,0.0,1.9828162214703744,False,False,,,,None
17337,2024-01-29,18625.0,18625.0,22025.0,18600.0,22000.0,39200,SMMA.JK,-0.11309523809523814,15957.5,15638.35,0,Sell,-0.0,1.9828162214703744,False,False,,,,None
17338,2024-01-30,16400.0,16400.0,18650.0,16400.0,18650.0,23000,SMMA.JK,-0.11946308724832211,16052.5,15731.449999999999,0,Sell,-0.0,1.9828162214703744,False,False,,,,None
17339,2024-01-31,16150.0,16150.0,18500.0,15100.0,17000.0,49100,SMMA.JK,-0.015243902439024404,16135.0,15812.3,0,Sell,-0.0,1.9828162214703744,False,False,,,,None
17340,2024-02-01,14675.0,14675.0,17250.0,14000.0,16100.0,39800,SMMA.JK,-0.09133126934984526,16143.75,15820.875,1,Buy,-0.0,1.9828162214703744,True,False,-0.08106914704478507,2024-02-16,14075.0,Loss
17341,2024-02-02,14500.0,14500.0,15500.0,13900.0,14675.0,21700,SMMA.JK,-0.011925042589437829,16143.75,15820.875,1,Buy,-0.011925042589437829,1.959171053582312,False,False,,,,None
17342,2024-02-05,14500.0,14500.0,14500.0,14200.0,14250.0,7700,SMMA.JK,0.0,16143.75,15820.875,1,Buy,0.0,1.959171053582312,False,False,,,,None
17343,2024-02-06,14700.0,14700.0,15500.0,13750.0,14225.0,16400,SMMA.JK,0.01379310344827589,16153.75,15830.675,1,Buy,0.01379310344827589,1.9861941025972405,False,False,,,,None
17344,2024-02-07,14825.0,14825.0,15350.0,14225.0,14700.0,6800,SMMA.JK,0.008503401360544283,16170.0,15846.6,1,Buy,0.008503401360544283,2.0030835082315708,False,False,,,,None
17345,2024-02-12,14475.0,14475.0,15200.0,13800.0,14825.0,21800,SMMA.JK,-0.02360876897133224,16168.75,15845.375,1,Buy,-0.02360876897133224,1.955793172455446,False,False,,,,None
17346,2024-02-13,14475.0,14475.0,14475.0,13925.0,14475.0,8700,SMMA.JK,0.0,16167.5,15844.15,1,Buy,0.0,1.955793172455446,False,False,,,,None
17347,2024-02-15,14500.0,14500.0,14500.0,13850.0,13975.0,7900,SMMA.JK,0.0017271157167531026,16167.5,15844.15,1,Buy,0.0017271157167531026,1.9591710535823124,False,False,,,,None
17348,2024-02-16,14075.0,14075.0,14350.0,14075.0,14075.0,116400,SMMA.JK,-0.02931034482758621,16146.25,15823.324999999999,0,Stop Loss,-0.02931034482758621,1.9017470744255893,False,True,,,,None
17349,2024-02-19,14500.0,14500.0,14500.0,13800.0,14075.0,178000,SMMA.JK,0.030195381882770933,16146.25,15823.324999999999,0,Stop Loss,0.0,1.9017470744255893,False,False,,,,None
17350,2024-02-20,14475.0,14475.0,14475.0,13875.0,14475.0,219800,SMMA.JK,-0.0017241379310344307,16145.0,15822.1,0,Stop Loss,-0.0,1.9017470744255893,False,False,,,,None
17351,2024-02-21,14500.0,14500.0,14500.0,14050.0,14275.0,75700,SMMA.JK,0.0017271157167531026,16112.5,15790.25,0,Stop Loss,0.0,1.9017470744255893,False,False,,,,None
17352,2024-02-22,14475.0,14475.0,14475.0,14100.0,14450.0,71900,SMMA.JK,-0.0017241379310344307,15991.25,15671.425,0,Stop Loss,-0.0,1.9017470744255893,False,False,,,,None
17353,2024-02-23,14450.0,14450.0,14500.0,14200.0,14450.0,16300,SMMA.JK,-0.0017271157167529916,15788.75,15472.975,0,Stop Loss,-0.0,1.9017470744255893,False,False,,,,None
17354,2024-02-26,14500.0,14500.0,14500.0,14250.0,14250.0,108400,SMMA.JK,0.0034602076124568004,15445.0,15136.1,0,Stop Loss,0.0,1.9017470744255893,False,False,,,,None
17355,2024-02-27,14500.0,14500.0,14500.0,14275.0,14300.0,18500,SMMA.JK,0.0,15215.0,14910.699999999999,0,Stop Loss,0.0,1.9017470744255893,False,False,,,,None
17356,2024-02-28,14500.0,14500.0,14500.0,14225.0,14225.0,1900,SMMA.JK,0.0,14890.0,14592.199999999999,0,Stop Loss,0.0,1.9017470744255893,False,False,,,,None
17357,2024-02-29,14500.0,14500.0,14500.0,14275.0,14275.0,2400,SMMA.JK,0.0,14683.75,14390.074999999999,0,Stop Loss,0.0,1.9017470744255893,False,False,,,,None
17358,2024-03-01,14500.0,14500.0,14500.0,14225.0,14300.0,51000,SMMA.JK,0.0,14588.75,14296.975,0,Stop Loss,0.0,1.9017470744255893,False,False,,,,None
17359,2024-03-04,14500.0,14500.0,14500.0,14225.0,14225.0,2600,SMMA.JK,0.0,14506.25,14216.125,0,Stop Loss,0.0,1.9017470744255893,False,False,,,,None
17360,2024-03-05,14500.0,14500.0,14500.0,14300.0,14300.0,1700,SMMA.JK,0.0,14497.5,14207.55,0,Reset,0.0,1.9017470744255893,False,False,,,,None
17361,2024-03-06,14525.0,14525.0,14525.0,14300.0,14325.0,24800,SMMA.JK,0.0017241379310344307,14498.75,14208.775,0,Reset,0.0,1.9017470744255893,False,False,,,,None
17362,2024-03-07,14525.0,14525.0,14525.0,14350.0,14375.0,700,SMMA.JK,0.0,14500.0,14210.0,0,Reset,0.0,1.9017470744255893,False,False,,,,None
17363,2024-03-08,14550.0,14550.0,14550.0,14450.0,14500.0,1500,SMMA.JK,0.001721170395869276,14492.5,14202.65,0,Reset,0.0,1.9017470744255893,False,False,,,,None
17364,2024-03-13,14575.0,14575.0,15750.0,14325.0,14325.0,5500,SMMA.JK,0.0017182130584192379,14480.0,14190.4,0,Reset,0.0,1.9017470744255893,False,False,,,,None
17365,2024-03-14,14600.0,14600.0,15475.0,14325.0,14325.0,1400,SMMA.JK,0.0017152658662091813,14486.25,14196.525,0,Reset,0.0,1.9017470744255893,False,False,,,,None
17366,2024-03-15,14475.0,14475.0,15275.0,14475.0,14475.0,2100,SMMA.JK,-0.008561643835616417,14486.25,14196.525,0,Reset,-0.0,1.9017470744255893,False,False,,,,None
17367,2024-03-18,14600.0,14600.0,14600.0,14325.0,14450.0,2400,SMMA.JK,0.008635578583765069,14491.25,14201.425,0,Reset,0.0,1.9017470744255893,False,False,,,,None
17368,2024-03-19,14600.0,14600.0,14750.0,14600.0,14750.0,600,SMMA.JK,0.0,14517.5,14227.15,0,Reset,0.0,1.9017470744255893,False,False,,,,None
17369,2024-03-20,14600.0,14600.0,14600.0,14475.0,14475.0,500,SMMA.JK,0.0,14522.5,14232.05,0,Reset,0.0,1.9017470744255893,False,False,,,,None
17370,2024-03-21,14600.0,14600.0,14600.0,14375.0,14600.0,1400,SMMA.JK,0.0,14528.75,14238.175,0,Reset,0.0,1.9017470744255893,False,False,,,,None
17371,2024-03-22,14775.0,14775.0,15000.0,14325.0,15000.0,400,SMMA.JK,0.011986301369863117,14542.5,14251.65,0,Reset,0.0,1.9017470744255893,False,False,,,,None
17372,2024-03-25,14600.0,14600.0,14750.0,14600.0,14750.0,1000,SMMA.JK,-0.011844331641285955,14548.75,14257.775,0,Reset,-0.0,1.9017470744255893,False,False,,,,None
17373,2024-03-26,14600.0,14600.0,14975.0,14050.0,14975.0,1000,SMMA.JK,0.0,14556.25,14265.125,0,Reset,0.0,1.9017470744255893,False,False,,,,None
17374,2024-03-27,14600.0,14600.0,14750.0,14600.0,14750.0,500,SMMA.JK,0.0,14561.25,14270.025,0,Reset,0.0,1.9017470744255893,False,False,,,,None
17375,2024-03-28,14600.0,14600.0,14800.0,14600.0,14600.0,800,SMMA.JK,0.0,14566.25,14274.925,0,Reset,0.0,1.9017470744255893,False,False,,,,None
17376,2024-04-01,14600.0,14600.0,14600.0,14350.0,14350.0,1200,SMMA.JK,0.0,14571.25,14279.824999999999,0,Reset,0.0,1.9017470744255893,False,False,,,,None
17377,2024-04-02,14600.0,14600.0,14600.0,14600.0,14600.0,1700,SMMA.JK,0.0,14576.25,14284.725,0,Reset,0.0,1.9017470744255893,False,False,,,,None
17378,2024-04-03,14600.0,14600.0,14600.0,14600.0,14600.0,600,SMMA.JK,0.0,14581.25,14289.625,0,Reset,0.0,1.9017470744255893,False,False,,,,None
17379,2024-04-04,14600.0,14600.0,14600.0,13775.0,13775.0,3000,SMMA.JK,0.0,14586.25,14294.525,0,Reset,0.0,1.9017470744255893,False,False,,,,None
17380,2024-04-05,14600.0,14600.0,14600.0,14375.0,14400.0,1900,SMMA.JK,0.0,14591.25,14299.425,0,Reset,0.0,1.9017470744255893,False,False,,,,None
17381,2024-04-16,14600.0,14600.0,14600.0,14600.0,14600.0,100,SMMA.JK,0.0,14595.0,14303.1,0,Reset,0.0,1.9017470744255893,False,False,,,,None
17382,2024-04-17,14600.0,14600.0,14600.0,14600.0,14600.0,1500,SMMA.JK,0.0,14598.75,14306.775,0,Reset,0.0,1.9017470744255893,False,False,,,,None
17383,2024-04-18,14600.0,14600.0,14600.0,14600.0,14600.0,100,SMMA.JK,0.0,14601.25,14309.225,0,Reset,0.0,1.9017470744255893,False,False,,,,None
17384,2024-04-19,14600.0,14600.0,14600.0,14600.0,14600.0,200,SMMA.JK,0.0,14602.5,14310.449999999999,0,Reset,0.0,1.9017470744255893,False,False,,,,None
17385,2024-04-22,14600.0,14600.0,14600.0,14000.0,14000.0,700,SMMA.JK,0.0,14602.5,14310.449999999999,0,Reset,0.0,1.9017470744255893,False,False,,,,None
17386,2024-04-23,14600.0,14600.0,14600.0,14600.0,14600.0,100,SMMA.JK,0.0,14608.75,14316.574999999999,0,Reset,0.0,1.9017470744255893,False,False,,,,None
17387,2024-04-24,14600.0,14600.0,14600.0,14600.0,14600.0,0,SMMA.JK,0.0,14608.75,14316.574999999999,0,Reset,0.0,1.9017470744255893,False,False,,,,None
17388,2024-04-25,14600.0,14600.0,14600.0,14600.0,14600.0,400,SMMA.JK,0.0,14608.75,14316.574999999999,0,Reset,0.0,1.9017470744255893,False,False,,,,None
17389,2024-04-26,14600.0,14600.0,14600.0,13375.0,13375.0,300,SMMA.JK,0.0,14608.75,14316.574999999999,0,Reset,0.0,1.9017470744255893,False,False,,,,None
17390,2024-04-29,14600.0,14600.0,14600.0,14600.0,14600.0,100,SMMA.JK,0.0,14608.75,14316.574999999999,0,Reset,0.0,1.9017470744255893,False,False,,,,None
17391,2024-04-30,14600.0,14600.0,14600.0,14600.0,14600.0,0,SMMA.JK,0.0,14600.0,14308.0,0,Reset,0.0,1.9017470744255893,False,False,,,,None
17392,2024-05-02,14600.0,14600.0,14600.0,14600.0,14600.0,0,SMMA.JK,0.0,14600.0,14308.0,0,Reset,0.0,1.9017470744255893,False,False,,,,None
17393,2024-05-03,14475.0,14475.0,14700.0,13900.0,14700.0,16200,SMMA.JK,-0.008561643835616417,14593.75,14301.875,0,Reset,-0.0,1.9017470744255893,False,False,,,,None
17394,2024-05-06,14600.0,14600.0,14600.0,14600.0,14600.0,3800,SMMA.JK,0.008635578583765069,14593.75,14301.875,0,Reset,0.0,1.9017470744255893,False,False,,,,None
17395,2024-05-07,14275.0,14275.0,14275.0,13775.0,13775.0,300,SMMA.JK,-0.022260273972602773,14577.5,14285.949999999999,1,Buy,-0.0,1.9017470744255893,True,False,0.04329721885732529,2024-05-08,14600.0,Win
17396,2024-05-08,14600.0,14600.0,14600.0,14275.0,14275.0,600,SMMA.JK,0.022767075306479923,14577.5,14285.949999999999,0,Sell,0.022767075306479923,1.9450442932829146,False,True,,,,None
17397,2024-05-13,14600.0,14600.0,14600.0,14600.0,14600.0,0,SMMA.JK,0.0,14577.5,14285.949999999999,0,Sell,0.0,1.9450442932829146,False,False,,,,None
17398,2024-05-14,14200.0,14200.0,15250.0,14200.0,15050.0,400,SMMA.JK,-0.0273972602739726,14557.5,14266.35,1,Buy,-0.0,1.9450442932829146,True,False,0.12327745520807198,2024-05-17,15100.0,Win
17399,2024-05-15,14200.0,14200.0,14200.0,14200.0,14200.0,0,SMMA.JK,0.0,14537.5,14246.75,1,Buy,0.0,1.9450442932829146,False,False,,,,None
17400,2024-05-16,14225.0,14225.0,15150.0,14225.0,14250.0,800,SMMA.JK,0.0017605633802817433,14518.75,14228.375,1,Buy,0.0017605633802817433,1.9484686670386946,False,False,,,,None
17401,2024-05-17,15100.0,15100.0,15200.0,14450.0,14450.0,2900,SMMA.JK,0.06151142355008776,14543.75,14252.875,0,Sell,0.06151142355008776,2.0683217484909866,False,True,,,,None
17402,2024-05-20,14400.0,14400.0,15500.0,14025.0,15250.0,3800,SMMA.JK,-0.04635761589403975,14533.75,14243.074999999999,0,Sell,-0.0,2.0683217484909866,False,False,,,,None
17403,2024-05-21,14675.0,14675.0,14725.0,14500.0,14500.0,800,SMMA.JK,0.01909722222222232,14537.5,14246.75,0,Sell,0.0,2.0683217484909866,False,False,,,,None
17404,2024-05-22,14200.0,14200.0,14650.0,14200.0,14650.0,400,SMMA.JK,-0.03236797274275982,14517.5,14227.15,1,Buy,-0.0,2.0683217484909866,True,False,0.058262584464534584,2024-05-29,14600.0,Win
17405,2024-05-27,14200.0,14200.0,14200.0,14200.0,14200.0,0,SMMA.JK,0.0,14497.5,14207.55,1,Buy,0.0,2.0683217484909866,False,False,,,,None
17406,2024-05-28,14400.0,14400.0,14400.0,14400.0,14400.0,5500,SMMA.JK,0.014084507042253502,14487.5,14197.75,1,Buy,0.014084507042253502,2.097453040723254,False,False,,,,None
17407,2024-05-29,14600.0,14600.0,14600.0,14600.0,14600.0,3000,SMMA.JK,0.01388888888888884,14487.5,14197.75,0,Sell,0.01388888888888884,2.126584332955521,False,True,,,,None
17408,2024-05-30,14600.0,14600.0,14750.0,14600.0,14750.0,200,SMMA.JK,0.0,14487.5,14197.75,0,Sell,0.0,2.126584332955521,False,False,,,,None
17409,2024-05-31,14600.0,14600.0,14600.0,14300.0,14600.0,5700,SMMA.JK,0.0,14487.5,14197.75,0,Sell,0.0,2.126584332955521,False,False,,,,None
17410,2024-06-03,14600.0,14600.0,14600.0,14350.0,14350.0,400,SMMA.JK,0.0,14487.5,14197.75,0,Sell,0.0,2.126584332955521,False,False,,,,None
17411,2024-06-04,14775.0,14775.0,15100.0,14200.0,14600.0,900,SMMA.JK,0.011986301369863117,14496.25,14206.324999999999,0,Sell,0.0,2.126584332955521,False,False,,,,None
17412,2024-06-05,15400.0,15400.0,15500.0,14875.0,14875.0,1000,SMMA.JK,0.04230118443316422,14536.25,14245.525,0,Sell,0.0,2.126584332955521,False,False,,,,None
17413,2024-06-06,15300.0,15300.0,15600.0,15300.0,15400.0,3100,SMMA.JK,-0.00649350649350644,14577.5,14285.949999999999,0,Sell,-0.0,2.126584332955521,False,False,,,,None
17414,2024-06-07,14600.0,14600.0,15050.0,14600.0,15050.0,1700,SMMA.JK,-0.04575163398692805,14577.5,14285.949999999999,0,Sell,-0.0,2.126584332955521,False,False,,,,None
17415,2024-06-10,14575.0,14575.0,14575.0,14350.0,14350.0,1200,SMMA.JK,-0.001712328767123239,14592.5,14300.65,0,Sell,-0.0,2.126584332955521,False,False,,,,None
17416,2024-06-11,14600.0,14600.0,14600.0,14325.0,14325.0,5200,SMMA.JK,0.0017152658662091813,14592.5,14300.65,0,Sell,0.0,2.126584332955521,False,False,,,,None
17417,2024-06-12,14600.0,14600.0,14600.0,14600.0,14600.0,2100,SMMA.JK,0.0,14592.5,14300.65,0,Sell,0.0,2.126584332955521,False,False,,,,None
17418,2024-06-13,14600.0,14600.0,15750.0,14225.0,14225.0,7400,SMMA.JK,0.0,14612.5,14320.25,0,Sell,0.0,2.126584332955521,False,False,,,,None
17419,2024-06-14,14600.0,14600.0,14600.0,14600.0,14600.0,300,SMMA.JK,0.0,14632.5,14339.85,0,Sell,0.0,2.126584332955521,False,False,,,,None
17420,2024-06-19,14575.0,14575.0,14825.0,14350.0,14750.0,22400,SMMA.JK,-0.001712328767123239,14650.0,14357.0,0,Sell,-0.0,2.126584332955521,False,False,,,,None
17421,2024-06-20,14600.0,14600.0,16000.0,14600.0,16000.0,700,SMMA.JK,0.0017152658662091813,14625.0,14332.5,0,Sell,0.0,2.126584332955521,False,False,,,,None
17422,2024-06-21,14600.0,14600.0,16300.0,14600.0,16300.0,2700,SMMA.JK,0.0,14635.0,14342.3,0,Sell,0.0,2.126584332955521,False,False,,,,None
17423,2024-06-24,14600.0,14600.0,15600.0,14600.0,14700.0,5000,SMMA.JK,0.0,14631.25,14338.625,0,Sell,0.0,2.126584332955521,False,False,,,,None
17424,2024-06-25,14725.0,14725.0,14850.0,14725.0,14850.0,200,SMMA.JK,0.008561643835616417,14657.5,14364.35,0,Sell,0.0,2.126584332955521,False,False,,,,None
17425,2024-06-26,14525.0,14525.0,14925.0,14425.0,14725.0,6500,SMMA.JK,-0.01358234295415961,14673.75,14380.275,0,Sell,-0.0,2.126584332955521,False,False,,,,None
17426,2024-06-27,14600.0,14600.0,14600.0,14250.0,14525.0,3600,SMMA.JK,0.005163511187607606,14683.75,14390.074999999999,0,Sell,0.0,2.126584332955521,False,False,,,,None
17427,2024-06-28,14600.0,14600.0,14600.0,14350.0,14350.0,18400,SMMA.JK,0.0,14683.75,14390.074999999999,0,Sell,0.0,2.126584332955521,False,False,,,,None
17428,2024-07-01,14600.0,14600.0,14600.0,14000.0,14600.0,25500,SMMA.JK,0.0,14683.75,14390.074999999999,0,Sell,0.0,2.126584332955521,False,False,,,,None
17429,2024-07-02,14600.0,14600.0,14600.0,14250.0,14350.0,8500,SMMA.JK,0.0,14683.75,14390.074999999999,0,Sell,0.0,2.126584332955521,False,False,,,,None
17430,2024-07-03,14600.0,14600.0,14600.0,14375.0,14375.0,5200,SMMA.JK,0.0,14683.75,14390.074999999999,0,Sell,0.0,2.126584332955521,False,False,,,,None
17431,2024-07-04,14600.0,14600.0,14600.0,14450.0,14450.0,800,SMMA.JK,0.0,14675.0,14381.5,0,Sell,0.0,2.126584332955521,False,False,,,,None
17432,2024-07-05,14600.0,14600.0,14600.0,14325.0,14400.0,24100,SMMA.JK,0.0,14635.0,14342.3,0,Sell,0.0,2.126584332955521,False,False,,,,None
17433,2024-07-08,14600.0,14600.0,14600.0,14400.0,14400.0,4400,SMMA.JK,0.0,14600.0,14308.0,0,Sell,0.0,2.126584332955521,False,False,,,,None
17434,2024-07-09,14600.0,14600.0,14600.0,14450.0,14600.0,2000,SMMA.JK,0.0,14600.0,14308.0,0,Sell,0.0,2.126584332955521,False,False,,,,None
17435,2024-07-10,14600.0,14600.0,14600.0,14575.0,14575.0,2100,SMMA.JK,0.0,14601.25,14309.225,0,Sell,0.0,2.126584332955521,False,False,,,,None
17436,2024-07-11,14600.0,14600.0,14600.0,14425.0,14425.0,700,SMMA.JK,0.0,14601.25,14309.225,0,Sell,0.0,2.126584332955521,False,False,,,,None
17437,2024-07-12,14600.0,14600.0,14625.0,14425.0,14425.0,3200,SMMA.JK,0.0,14601.25,14309.225,0,Sell,0.0,2.126584332955521,False,False,,,,None
17438,2024-07-15,14600.0,14600.0,14600.0,14425.0,14425.0,300,SMMA.JK,0.0,14601.25,14309.225,0,Sell,0.0,2.126584332955521,False,False,,,,None
17439,2024-07-16,14600.0,14600.0,14600.0,14600.0,14600.0,1300,SMMA.JK,0.0,14601.25,14309.225,0,Sell,0.0,2.126584332955521,False,False,,,,None
17440,2024-07-17,14600.0,14600.0,14600.0,14500.0,14500.0,17200,SMMA.JK,0.0,14602.5,14310.449999999999,0,Sell,0.0,2.126584332955521,False,False,,,,None
17441,2024-07-18,14600.0,14600.0,14700.0,14400.0,14600.0,18900,SMMA.JK,0.0,14602.5,14310.449999999999,0,Sell,0.0,2.126584332955521,False,False,,,,None
17442,2024-07-19,14600.0,14600.0,14700.0,14475.0,14475.0,20300,SMMA.JK,0.0,14602.5,14310.449999999999,0,Sell,0.0,2.126584332955521,False,False,,,,None
17443,2024-07-22,14600.0,14600.0,14600.0,14475.0,14475.0,8000,SMMA.JK,0.0,14602.5,14310.449999999999,0,Sell,0.0,2.126584332955521,False,False,,,,None
17444,2024-07-23,14600.0,14600.0,14600.0,14475.0,14600.0,1600,SMMA.JK,0.0,14596.25,14304.324999999999,0,Sell,0.0,2.126584332955521,False,False,,,,None
17445,2024-07-24,14600.0,14600.0,14600.0,14600.0,14600.0,400,SMMA.JK,0.0,14600.0,14308.0,0,Sell,0.0,2.126584332955521,False,False,,,,None
17446,2024-07-25,14600.0,14600.0,14600.0,14450.0,14450.0,1000,SMMA.JK,0.0,14600.0,14308.0,0,Sell,0.0,2.126584332955521,False,False,,,,None
17447,2024-07-26,14600.0,14600.0,14600.0,14450.0,14450.0,1200,SMMA.JK,0.0,14600.0,14308.0,0,Sell,0.0,2.126584332955521,False,False,,,,None
17448,2024-07-29,14600.0,14600.0,14600.0,14450.0,14450.0,1600,SMMA.JK,0.0,14600.0,14308.0,0,Sell,0.0,2.126584332955521,False,False,,,,None
17449,2024-07-30,14600.0,14600.0,14600.0,14600.0,14600.0,200,SMMA.JK,0.0,14600.0,14308.0,0,Sell,0.0,2.126584332955521,False,False,,,,None
17450,2024-07-31,14450.0,14450.0,14450.0,14225.0,14450.0,1900,SMMA.JK,-0.010273972602739767,14592.5,14300.65,0,Sell,-0.0,2.126584332955521,False,False,,,,None
17451,2024-08-01,14600.0,14600.0,14600.0,14200.0,14325.0,11900,SMMA.JK,0.01038062283737018,14592.5,14300.65,0,Sell,0.0,2.126584332955521,False,False,,,,None
17452,2024-08-02,14600.0,14600.0,14600.0,14600.0,14600.0,900,SMMA.JK,0.0,14592.5,14300.65,0,Sell,0.0,2.126584332955521,False,False,,,,None
17453,2024-08-05,14600.0,14600.0,14600.0,14425.0,14425.0,2200,SMMA.JK,0.0,14592.5,14300.65,0,Sell,0.0,2.126584332955521,False,False,,,,None
17454,2024-08-06,14600.0,14600.0,14600.0,14600.0,14600.0,0,SMMA.JK,0.0,14592.5,14300.65,0,Sell,0.0,2.126584332955521,False,False,,,,None
17455,2024-08-07,14600.0,14600.0,14600.0,14500.0,14500.0,5200,SMMA.JK,0.0,14592.5,14300.65,0,Sell,0.0,2.126584332955521,False,False,,,,None
17456,2024-08-08,14600.0,14600.0,14600.0,14600.0,14600.0,600,SMMA.JK,0.0,14592.5,14300.65,0,Sell,0.0,2.126584332955521,False,False,,,,None
17457,2024-08-09,14600.0,14600.0,14600.0,14600.0,14600.0,200,SMMA.JK,0.0,14592.5,14300.65,0,Sell,0.0,2.126584332955521,False,False,,,,None
17458,2024-08-12,14600.0,14600.0,14600.0,14600.0,14600.0,5200,SMMA.JK,0.0,14592.5,14300.65,0,Sell,0.0,2.126584332955521,False,False,,,,None
17459,2024-08-13,14600.0,14600.0,14600.0,14600.0,14600.0,100,SMMA.JK,0.0,14592.5,14300.65,0,Sell,0.0,2.126584332955521,False,False,,,,None
17460,2024-08-14,14600.0,14600.0,14600.0,14600.0,14600.0,300,SMMA.JK,0.0,14592.5,14300.65,0,Sell,0.0,2.126584332955521,False,False,,,,None
17461,2024-08-15,14600.0,14600.0,14600.0,14600.0,14600.0,100,SMMA.JK,0.0,14592.5,14300.65,0,Sell,0.0,2.126584332955521,False,False,,,,None
17462,2024-08-16,14600.0,14600.0,14600.0,14600.0,14600.0,100,SMMA.JK,0.0,14592.5,14300.65,0,Sell,0.0,2.126584332955521,False,False,,,,None
17463,2024-08-19,14600.0,14600.0,14600.0,14350.0,14350.0,300,SMMA.JK,0.0,14592.5,14300.65,0,Sell,0.0,2.126584332955521,False,False,,,,None
17464,2024-08-20,14600.0,14600.0,14600.0,14225.0,14400.0,6200,SMMA.JK,0.0,14592.5,14300.65,0,Sell,0.0,2.126584332955521,False,False,,,,None
17465,2024-08-21,14600.0,14600.0,14600.0,14600.0,14600.0,1400,SMMA.JK,0.0,14592.5,14300.65,0,Sell,0.0,2.126584332955521,False,False,,,,None
17466,2024-08-22,14600.0,14600.0,14975.0,14225.0,14225.0,700,SMMA.JK,0.0,14592.5,14300.65,0,Sell,0.0,2.126584332955521,False,False,,,,None
17467,2024-08-23,14600.0,14600.0,14600.0,14600.0,14600.0,100,SMMA.JK,0.0,14592.5,14300.65,0,Sell,0.0,2.126584332955521,False,False,,,,None
17468,2024-08-26,14600.0,14600.0,14600.0,14600.0,14600.0,200,SMMA.JK,0.0,14592.5,14300.65,0,Sell,0.0,2.126584332955521,False,False,,,,None
17469,2024-08-27,14600.0,14600.0,14600.0,13275.0,14225.0,74400,SMMA.JK,0.0,14592.5,14300.65,0,Sell,0.0,2.126584332955521,False,False,,,,None
17470,2024-08-28,14575.0,14575.0,14575.0,13275.0,14125.0,100700,SMMA.JK,-0.001712328767123239,14598.75,14306.775,0,Sell,-0.0,2.126584332955521,False,False,,,,None
17471,2024-08-29,14600.0,14600.0,14600.0,13275.0,13825.0,96900,SMMA.JK,0.0017152658662091813,14598.75,14306.775,0,Sell,0.0,2.126584332955521,False,False,,,,None
17472,2024-08-30,14600.0,14600.0,14600.0,14275.0,14525.0,18600,SMMA.JK,0.0,14598.75,14306.775,0,Sell,0.0,2.126584332955521,False,False,,,,None
17473,2024-09-02,14600.0,14600.0,14625.0,14500.0,14600.0,2100,SMMA.JK,0.0,14598.75,14306.775,0,Sell,0.0,2.126584332955521,False,False,,,,None
17474,2024-09-03,14500.0,14500.0,14500.0,14500.0,14500.0,1600,SMMA.JK,-0.006849315068493178,14593.75,14301.875,0,Sell,-0.0,2.126584332955521,False,False,,,,None
17475,2024-09-04,14600.0,14600.0,14600.0,14300.0,14350.0,39300,SMMA.JK,0.006896551724137945,14593.75,14301.875,0,Sell,0.0,2.126584332955521,False,False,,,,None
17476,2024-09-05,14600.0,14600.0,17500.0,14500.0,14500.0,44600,SMMA.JK,0.0,14593.75,14301.875,0,Sell,0.0,2.126584332955521,False,False,,,,None
17477,2024-09-06,14600.0,14600.0,15500.0,14600.0,14700.0,11200,SMMA.JK,0.0,14593.75,14301.875,0,Sell,0.0,2.126584332955521,False,False,,,,None
17478,2024-09-09,14600.0,14600.0,14600.0,14525.0,14600.0,10900,SMMA.JK,0.0,14593.75,14301.875,0,Sell,0.0,2.126584332955521,False,False,,,,None
17479,2024-09-10,14600.0,14600.0,16750.0,14225.0,14525.0,54000,SMMA.JK,0.0,14593.75,14301.875,0,Sell,0.0,2.126584332955521,False,False,,,,None
17480,2024-09-11,14600.0,14600.0,14950.0,14400.0,14400.0,13000,SMMA.JK,0.0,14593.75,14301.875,0,Sell,0.0,2.126584332955521,False,False,,,,None
17481,2024-09-12,14600.0,14600.0,14825.0,14500.0,14525.0,6200,SMMA.JK,0.0,14593.75,14301.875,0,Sell,0.0,2.126584332955521,False,False,,,,None
17482,2024-09-13,14600.0,14600.0,14600.0,14425.0,14475.0,4100,SMMA.JK,0.0,14593.75,14301.875,0,Sell,0.0,2.126584332955521,False,False,,,,None
17483,2024-09-17,14600.0,14600.0,14600.0,14550.0,14550.0,1000,SMMA.JK,0.0,14593.75,14301.875,0,Sell,0.0,2.126584332955521,False,False,,,,None
17484,2024-09-18,14600.0,14600.0,14600.0,14500.0,14500.0,300,SMMA.JK,0.0,14593.75,14301.875,0,Sell,0.0,2.126584332955521,False,False,,,,None
17485,2024-09-19,14600.0,14600.0,14700.0,14600.0,14650.0,6200,SMMA.JK,0.0,14593.75,14301.875,0,Sell,0.0,2.126584332955521,False,False,,,,None
17486,2024-09-20,14600.0,14600.0,14850.0,14600.0,14600.0,3100,SMMA.JK,0.0,14593.75,14301.875,0,Sell,0.0,2.126584332955521,False,False,,,,None
17487,2024-09-23,14500.0,14500.0,14575.0,14475.0,14475.0,1300,SMMA.JK,-0.006849315068493178,14588.75,14296.975,0,Sell,-0.0,2.126584332955521,False,False,,,,None
17488,2024-09-24,14600.0,14600.0,14600.0,14400.0,14500.0,41900,SMMA.JK,0.006896551724137945,14588.75,14296.975,0,Sell,0.0,2.126584332955521,False,False,,,,None
17489,2024-09-25,14600.0,14600.0,14600.0,14500.0,14500.0,2100,SMMA.JK,0.0,14588.75,14296.975,0,Sell,0.0,2.126584332955521,False,False,,,,None
17490,2024-09-26,14600.0,14600.0,14600.0,14500.0,14500.0,300,SMMA.JK,0.0,14590.0,14298.199999999999,0,Sell,0.0,2.126584332955521,False,False,,,,None
17491,2024-09-27,14600.0,14600.0,14600.0,14600.0,14600.0,0,SMMA.JK,0.0,14590.0,14298.199999999999,0,Sell,0.0,2.126584332955521,False,False,,,,None
17492,2024-09-30,14600.0,14600.0,14600.0,14600.0,14600.0,3800,SMMA.JK,0.0,14590.0,14298.199999999999,0,Sell,0.0,2.126584332955521,False,False,,,,None
17493,2024-10-01,14600.0,14600.0,14600.0,14300.0,14300.0,800,SMMA.JK,0.0,14590.0,14298.199999999999,0,Sell,0.0,2.126584332955521,False,False,,,,None
17494,2024-10-02,14600.0,14600.0,14600.0,14350.0,14600.0,3300,SMMA.JK,0.0,14595.0,14303.1,0,Sell,0.0,2.126584332955521,False,False,,,,None
17495,2024-10-03,14600.0,14600.0,14600.0,14600.0,14600.0,200,SMMA.JK,0.0,14595.0,14303.1,0,Sell,0.0,2.126584332955521,False,False,,,,None
17496,2024-10-04,14600.0,14600.0,14600.0,14600.0,14600.0,200,SMMA.JK,0.0,14595.0,14303.1,0,Sell,0.0,2.126584332955521,False,False,,,,None
17497,2024-10-07,14600.0,14600.0,14600.0,14350.0,14350.0,500,SMMA.JK,0.0,14595.0,14303.1,0,Sell,0.0,2.126584332955521,False,False,,,,None
17498,2024-10-08,14600.0,14600.0,14600.0,14400.0,14400.0,400,SMMA.JK,0.0,14595.0,14303.1,0,Sell,0.0,2.126584332955521,False,False,,,,None
17499,2024-10-09,14600.0,14600.0,14600.0,14350.0,14600.0,300,SMMA.JK,0.0,14595.0,14303.1,0,Sell,0.0,2.126584332955521,False,False,,,,None
17500,2024-10-10,14600.0,14600.0,14600.0,14400.0,14400.0,300,SMMA.JK,0.0,14595.0,14303.1,0,Sell,0.0,2.126584332955521,False,False,,,,None
17501,2024-10-11,14575.0,14575.0,14575.0,14425.0,14425.0,1200,SMMA.JK,-0.001712328767123239,14593.75,14301.875,0,Sell,-0.0,2.126584332955521,False,False,,,,None
17502,2024-10-14,14600.0,14600.0,14600.0,14400.0,14400.0,1600,SMMA.JK,0.0017152658662091813,14593.75,14301.875,0,Sell,0.0,2.126584332955521,False,False,,,,None
17503,2024-10-15,14600.0,14600.0,14600.0,14600.0,14600.0,200,SMMA.JK,0.0,14593.75,14301.875,0,Sell,0.0,2.126584332955521,False,False,,,,None
17504,2024-10-16,14600.0,14600.0,14600.0,14600.0,14600.0,100,SMMA.JK,0.0,14593.75,14301.875,0,Sell,0.0,2.126584332955521,False,False,,,,None
17505,2024-10-17,14600.0,14600.0,14600.0,14425.0,14425.0,17000,SMMA.JK,0.0,14593.75,14301.875,0,Sell,0.0,2.126584332955521,False,False,,,,None
17506,2024-10-18,14600.0,14600.0,14600.0,14425.0,14425.0,600,SMMA.JK,0.0,14593.75,14301.875,0,Sell,0.0,2.126584332955521,False,False,,,,None
17507,2024-10-21,14600.0,14600.0,14600.0,14600.0,14600.0,100,SMMA.JK,0.0,14598.75,14306.775,0,Sell,0.0,2.126584332955521,False,False,,,,None
17508,2024-10-22,14600.0,14600.0,14625.0,14600.0,14625.0,500,SMMA.JK,0.0,14598.75,14306.775,0,Sell,0.0,2.126584332955521,False,False,,,,None
17509,2024-10-23,14600.0,14600.0,14600.0,14600.0,14600.0,100,SMMA.JK,0.0,14598.75,14306.775,0,Sell,0.0,2.126584332955521,False,False,,,,None
17510,2024-10-24,14600.0,14600.0,14600.0,14600.0,14600.0,0,SMMA.JK,0.0,14598.75,14306.775,0,Sell,0.0,2.126584332955521,False,False,,,,None
17511,2024-10-25,14600.0,14600.0,14600.0,14350.0,14350.0,5400,SMMA.JK,0.0,14598.75,14306.775,0,Sell,0.0,2.126584332955521,False,False,,,,None
17512,2024-10-28,14600.0,14600.0,14600.0,14425.0,14425.0,1600,SMMA.JK,0.0,14598.75,14306.775,0,Sell,0.0,2.126584332955521,False,False,,,,None
17513,2024-10-29,14600.0,14600.0,14600.0,14350.0,14375.0,600,SMMA.JK,0.0,14598.75,14306.775,0,Sell,0.0,2.126584332955521,False,False,,,,None
17514,2024-10-30,14600.0,14600.0,14600.0,14425.0,14600.0,800,SMMA.JK,0.0,14598.75,14306.775,0,Sell,0.0,2.126584332955521,False,False,,,,None
17515,2024-10-31,14600.0,14600.0,14600.0,14425.0,14425.0,356900,SMMA.JK,0.0,14598.75,14306.775,0,Sell,0.0,2.126584332955521,False,False,,,,None
17516,2024-11-01,14600.0,14600.0,14600.0,14600.0,14600.0,4200,SMMA.JK,0.0,14598.75,14306.775,0,Sell,0.0,2.126584332955521,False,False,,,,None
17517,2024-11-04,14600.0,14600.0,14600.0,14225.0,14400.0,9300,SMMA.JK,0.0,14598.75,14306.775,0,Sell,0.0,2.126584332955521,False,False,,,,None
17518,2024-11-05,14600.0,14600.0,14600.0,14225.0,14425.0,2200,SMMA.JK,0.0,14598.75,14306.775,0,Sell,0.0,2.126584332955521,False,False,,,,None
17519,2024-11-06,14600.0,14600.0,14675.0,14425.0,14425.0,500,SMMA.JK,0.0,14598.75,14306.775,0,Sell,0.0,2.126584332955521,False,False,,,,None
17520,2024-11-07,14600.0,14600.0,14600.0,14600.0,14600.0,100,SMMA.JK,0.0,14598.75,14306.775,0,Sell,0.0,2.126584332955521,False,False,,,,None
17521,2024-11-08,14600.0,14600.0,14600.0,14375.0,14400.0,700,SMMA.JK,0.0,14600.0,14308.0,0,Sell,0.0,2.126584332955521,False,False,,,,None
17522,2024-11-11,14400.0,14400.0,14400.0,14400.0,14400.0,100,SMMA.JK,-0.013698630136986356,14590.0,14298.199999999999,0,Sell,-0.0,2.126584332955521,False,False,,,,None
17523,2024-11-12,14450.0,14450.0,14600.0,14425.0,14600.0,3900,SMMA.JK,0.003472222222222321,14582.5,14290.85,0,Sell,0.0,2.126584332955521,False,False,,,,None
17524,2024-11-13,14600.0,14600.0,14600.0,13950.0,14200.0,6800,SMMA.JK,0.01038062283737018,14582.5,14290.85,0,Sell,0.0,2.126584332955521,False,False,,,,None
17525,2024-11-14,14600.0,14600.0,14600.0,14400.0,14400.0,1600,SMMA.JK,0.0,14582.5,14290.85,0,Sell,0.0,2.126584332955521,False,False,,,,None
17526,2024-11-15,14600.0,14600.0,14600.0,14600.0,14600.0,400,SMMA.JK,0.0,14582.5,14290.85,0,Sell,0.0,2.126584332955521,False,False,,,,None
17527,2024-11-18,14600.0,14600.0,14600.0,14575.0,14575.0,300,SMMA.JK,0.0,14582.5,14290.85,0,Sell,0.0,2.126584332955521,False,False,,,,None
17528,2024-11-19,14600.0,14600.0,14600.0,14600.0,14600.0,300,SMMA.JK,0.0,14582.5,14290.85,0,Sell,0.0,2.126584332955521,False,False,,,,None
17529,2024-11-20,14600.0,14600.0,14600.0,14425.0,14425.0,2300,SMMA.JK,0.0,14582.5,14290.85,0,Sell,0.0,2.126584332955521,False,False,,,,None
17530,2024-11-21,14600.0,14600.0,14600.0,14600.0,14600.0,200,SMMA.JK,0.0,14582.5,14290.85,0,Sell,0.0,2.126584332955521,False,False,,,,None
17531,2024-11-22,14600.0,14600.0,14600.0,14600.0,14600.0,0,SMMA.JK,0.0,14582.5,14290.85,0,Sell,0.0,2.126584332955521,False,False,,,,None
17532,2024-11-25,14600.0,14600.0,14600.0,14600.0,14600.0,200,SMMA.JK,0.0,14582.5,14290.85,0,Sell,0.0,2.126584332955521,False,False,,,,None
17533,2024-11-26,14600.0,14600.0,14600.0,14600.0,14600.0,0,SMMA.JK,0.0,14582.5,14290.85,0,Sell,0.0,2.126584332955521,False,False,,,,None
17534,2024-11-28,14600.0,14600.0,14600.0,14600.0,14600.0,0,SMMA.JK,0.0,14582.5,14290.85,0,Sell,0.0,2.126584332955521,False,False,,,,None
17535,2024-11-29,14600.0,14600.0,14600.0,14600.0,14600.0,0,SMMA.JK,0.0,14582.5,14290.85,0,Sell,0.0,2.126584332955521,False,False,,,,None
17536,2024-12-02,14600.0,14600.0,14600.0,14600.0,14600.0,0,SMMA.JK,0.0,14582.5,14290.85,0,Sell,0.0,2.126584332955521,False,False,,,,None
17537,2024-12-03,14600.0,14600.0,14600.0,14600.0,14600.0,0,SMMA.JK,0.0,14582.5,14290.85,0,Sell,0.0,2.126584332955521,False,False,,,,None
17538,2024-12-04,14600.0,14600.0,14600.0,14600.0,14600.0,400,SMMA.JK,0.0,14582.5,14290.85,0,Sell,0.0,2.126584332955521,False,False,,,,None
17539,2024-12-05,14600.0,14600.0,14600.0,14600.0,14600.0,0,SMMA.JK,0.0,14582.5,14290.85,0,Sell,0.0,2.126584332955521,False,False,,,,None
17540,2024-12-06,14600.0,14600.0,14600.0,14600.0,14600.0,100,SMMA.JK,0.0,14582.5,14290.85,0,Sell,0.0,2.126584332955521,False,False,,,,None
17541,2024-12-09,14600.0,14600.0,14600.0,14100.0,14600.0,1500,SMMA.JK,0.0,14582.5,14290.85,0,Sell,0.0,2.126584332955521,False,False,,,,None
17542,2024-12-10,14600.0,14600.0,14600.0,14075.0,14600.0,22700,SMMA.JK,0.0,14592.5,14300.65,0,Sell,0.0,2.126584332955521,False,False,,,,None
17543,2024-12-11,14225.0,14225.0,14575.0,14225.0,14350.0,1200,SMMA.JK,-0.025684931506849362,14581.25,14289.625,1,Buy,-0.0,2.126584332955521,True,False,0.05606109840831763,2024-12-13,14600.0,Win
17544,2024-12-12,14550.0,14550.0,14550.0,14225.0,14225.0,1300,SMMA.JK,0.02284710017574687,14578.75,14287.175,1,Buy,0.02284710017574687,2.17517061824273,False,False,,,,None
17545,2024-12-13,14600.0,14600.0,16750.0,14600.0,14600.0,6100,SMMA.JK,0.0034364261168384758,14578.75,14287.175,0,Sell,0.0034364261168384758,2.182645431363839,False,True,,,,None
17546,2024-12-16,14600.0,14600.0,16250.0,14225.0,14725.0,12200,SMMA.JK,0.0,14578.75,14287.175,0,Sell,0.0,2.182645431363839,False,False,,,,None
17547,2024-12-17,14600.0,14600.0,14600.0,14275.0,14275.0,2300,SMMA.JK,0.0,14578.75,14287.175,0,Sell,0.0,2.182645431363839,False,False,,,,None
17548,2024-12-18,14600.0,14600.0,14600.0,14275.0,14275.0,1900,SMMA.JK,0.0,14578.75,14287.175,0,Sell,0.0,2.182645431363839,False,False,,,,None
17549,2024-12-19,14600.0,14600.0,14600.0,14375.0,14375.0,2100,SMMA.JK,0.0,14578.75,14287.175,0,Sell,0.0,2.182645431363839,False,False,,,,None
17550,2024-12-20,14600.0,14600.0,14625.0,14350.0,14375.0,5100,SMMA.JK,0.0,14578.75,14287.175,0,Sell,0.0,2.182645431363839,False,False,,,,None
17551,2024-12-23,14600.0,14600.0,14600.0,14000.0,14225.0,3600,SMMA.JK,0.0,14578.75,14287.175,0,Sell,0.0,2.182645431363839,False,False,,,,None
17552,2024-12-24,14775.0,14775.0,14775.0,14550.0,14550.0,200,SMMA.JK,0.011986301369863117,14587.5,14295.75,0,Sell,0.0,2.182645431363839,False,False,,,,None
17553,2024-12-27,14600.0,14600.0,14600.0,14375.0,14375.0,400,SMMA.JK,-0.011844331641285955,14587.5,14295.75,0,Sell,-0.0,2.182645431363839,False,False,,,,None
17554,2024-12-30,14600.0,14600.0,14600.0,14600.0,14600.0,100,SMMA.JK,0.0,14587.5,14295.75,0,Sell,0.0,2.182645431363839,False,False,,,,None
17555,2025-01-02,14600.0,14600.0,14600.0,14600.0,14600.0,0,SMMA.JK,0.0,14587.5,14295.75,0,Sell,0.0,2.182645431363839,False,False,,,,None
17556,2025-01-03,14600.0,14600.0,14600.0,14050.0,14575.0,900,SMMA.JK,0.0,14587.5,14295.75,0,Sell,0.0,2.182645431363839,False,False,,,,None
17557,2025-01-06,14600.0,14600.0,14600.0,14050.0,14050.0,700,SMMA.JK,0.0,14587.5,14295.75,0,Sell,0.0,2.182645431363839,False,False,,,,None
17558,2025-01-07,14600.0,14600.0,14600.0,14450.0,14450.0,23700,SMMA.JK,0.0,14587.5,14295.75,0,Sell,0.0,2.182645431363839,False,False,,,,None
17559,2025-01-08,14600.0,14600.0,14600.0,14600.0,14600.0,0,SMMA.JK,0.0,14587.5,14295.75,0,Sell,0.0,2.182645431363839,False,False,,,,None
17560,2025-01-09,14600.0,14600.0,14600.0,14175.0,14175.0,700,SMMA.JK,0.0,14587.5,14295.75,0,Sell,0.0,2.182645431363839,False,False,,,,None
17561,2025-01-10,14600.0,14600.0,14600.0,14600.0,14600.0,0,SMMA.JK,0.0,14587.5,14295.75,0,Sell,0.0,2.182645431363839,False,False,,,,None
17562,2025-01-13,14600.0,14600.0,14600.0,14600.0,14600.0,0,SMMA.JK,0.0,14587.5,14295.75,0,Sell,0.0,2.182645431363839,False,False,,,,None
17563,2025-01-14,15500.0,15500.0,15500.0,14575.0,14575.0,600,SMMA.JK,0.06164383561643838,14651.25,14358.225,0,Sell,0.0,2.182645431363839,False,False,,,,None
17564,2025-01-15,15500.0,15500.0,15500.0,15500.0,15500.0,1300,SMMA.JK,0.0,14698.75,14404.775,0,Sell,0.0,2.182645431363839,False,False,,,,None
17565,2025-01-16,15500.0,15500.0,15500.0,15500.0,15500.0,100,SMMA.JK,0.0,14743.75,14448.875,0,Sell,0.0,2.182645431363839,False,False,,,,None
17566,2025-01-17,15250.0,15250.0,15250.0,14700.0,15200.0,6200,SMMA.JK,-0.016129032258064502,14776.25,14480.725,0,Sell,-0.0,2.182645431363839,False,False,,,,None
17567,2025-01-20,15075.0,15075.0,15200.0,14550.0,14750.0,3400,SMMA.JK,-0.011475409836065542,14800.0,14504.0,0,Sell,-0.0,2.182645431363839,False,False,,,,None
17568,2025-01-21,15500.0,15500.0,15500.0,14600.0,14825.0,12500,SMMA.JK,0.028192371475953548,14845.0,14548.1,0,Sell,0.0,2.182645431363839,False,False,,,,None
17569,2025-01-22,15500.0,15500.0,15500.0,15025.0,15500.0,16500,SMMA.JK,0.0,14890.0,14592.199999999999,0,Sell,0.0,2.182645431363839,False,False,,,,None
17570,2025-01-23,15500.0,15500.0,18300.0,15075.0,15075.0,51200,SMMA.JK,0.0,14935.0,14636.3,0,Sell,0.0,2.182645431363839,False,False,,,,None
17571,2025-01-24,15500.0,15500.0,15775.0,15500.0,15525.0,3800,SMMA.JK,0.0,14980.0,14680.4,0,Sell,0.0,2.182645431363839,False,False,,,,None
17572,2025-01-30,15500.0,15500.0,15800.0,15175.0,15500.0,2100,SMMA.JK,0.0,15016.25,14715.925,0,Sell,0.0,2.182645431363839,False,False,,,,None
17573,2025-01-31,15275.0,15275.0,15450.0,15250.0,15250.0,4000,SMMA.JK,-0.014516129032258074,15050.0,14749.0,0,Sell,-0.0,2.182645431363839,False,False,,,,None
17574,2025-02-03,15500.0,15500.0,15500.0,15275.0,15275.0,1800,SMMA.JK,0.014729950900163713,15095.0,14793.1,0,Sell,0.0,2.182645431363839,False,False,,,,None
17575,2025-02-04,15500.0,15500.0,15625.0,15500.0,15625.0,1500,SMMA.JK,0.0,15140.0,14837.199999999999,0,Sell,0.0,2.182645431363839,False,False,,,,None
17576,2025-02-05,15500.0,15500.0,15550.0,15250.0,15250.0,1300,SMMA.JK,0.0,15185.0,14881.3,0,Sell,0.0,2.182645431363839,False,False,,,,None
17577,2025-02-06,15500.0,15500.0,15500.0,15500.0,15500.0,500,SMMA.JK,0.0,15230.0,14925.4,0,Sell,0.0,2.182645431363839,False,False,,,,None
17578,2025-02-07,15500.0,15500.0,15500.0,15100.0,15500.0,1300,SMMA.JK,0.0,15275.0,14969.5,0,Sell,0.0,2.182645431363839,False,False,,,,None
17579,2025-02-10,15500.0,15500.0,15500.0,15000.0,15250.0,1800,SMMA.JK,0.0,15320.0,15013.6,0,Sell,0.0,2.182645431363839,False,False,,,,None
17580,2025-02-11,15500.0,15500.0,15500.0,15175.0,15175.0,3200,SMMA.JK,0.0,15365.0,15057.699999999999,0,Sell,0.0,2.182645431363839,False,False,,,,None
17581,2025-02-12,15500.0,15500.0,15500.0,15500.0,15500.0,0,SMMA.JK,0.0,15410.0,15101.8,0,Sell,0.0,2.182645431363839,False,False,,,,None
17582,2025-02-13,15500.0,15500.0,15500.0,15500.0,15500.0,1500,SMMA.JK,0.0,15455.0,15145.9,0,Sell,0.0,2.182645431363839,False,False,,,,None
17583,2025-02-14,15500.0,15500.0,15500.0,15500.0,15500.0,0,SMMA.JK,0.0,15455.0,15145.9,0,Sell,0.0,2.182645431363839,False,False,,,,None
17584,2025-02-17,15475.0,15475.0,15475.0,15225.0,15475.0,700,SMMA.JK,-0.001612903225806428,15453.75,15144.675,0,Sell,-0.0,2.182645431363839,False,False,,,,None
17585,2025-02-18,15500.0,15500.0,15500.0,15050.0,15050.0,28300,SMMA.JK,0.001615508885298933,15453.75,15144.675,0,Sell,0.0,2.182645431363839,False,False,,,,None
17586,2025-02-19,15500.0,15500.0,15500.0,15500.0,15500.0,500,SMMA.JK,0.0,15466.25,15156.925,0,Sell,0.0,2.182645431363839,False,False,,,,None
17587,2025-02-20,15500.0,15500.0,15500.0,15500.0,15500.0,2100,SMMA.JK,0.0,15487.5,15177.75,0,Sell,0.0,2.182645431363839,False,False,,,,None
17588,2025-02-21,15500.0,15500.0,15500.0,15000.0,15500.0,2300,SMMA.JK,0.0,15487.5,15177.75,0,Sell,0.0,2.182645431363839,False,False,,,,None
17589,2025-02-24,15500.0,15500.0,15500.0,15300.0,15300.0,600,SMMA.JK,0.0,15487.5,15177.75,0,Sell,0.0,2.182645431363839,False,False,,,,None
17590,2025-02-25,15500.0,15500.0,15500.0,15125.0,15250.0,500,SMMA.JK,0.0,15487.5,15177.75,0,Sell,0.0,2.182645431363839,False,False,,,,None
17591,2025-02-26,15500.0,15500.0,17250.0,15250.0,17250.0,400,SMMA.JK,0.0,15487.5,15177.75,0,Sell,0.0,2.182645431363839,False,False,,,,None
17592,2025-02-27,15500.0,15500.0,15500.0,15025.0,15100.0,800,SMMA.JK,0.0,15487.5,15177.75,0,Sell,0.0,2.182645431363839,False,False,,,,None
17593,2025-02-28,15475.0,15475.0,15475.0,15450.0,15450.0,2100,SMMA.JK,-0.001612903225806428,15497.5,15187.55,0,Sell,-0.0,2.182645431363839,False,False,,,,None
17594,2025-03-03,15475.0,15475.0,17200.0,14900.0,15500.0,1500,SMMA.JK,0.0,15496.25,15186.324999999999,0,Sell,0.0,2.182645431363839,False,False,,,,None
17595,2025-03-04,15500.0,15500.0,15825.0,15500.0,15725.0,2300,SMMA.JK,0.001615508885298933,15496.25,15186.324999999999,0,Sell,0.0,2.182645431363839,False,False,,,,None
17596,2025-03-05,15500.0,15500.0,15900.0,15250.0,15750.0,2500,SMMA.JK,0.0,15496.25,15186.324999999999,0,Sell,0.0,2.182645431363839,False,False,,,,None
17597,2025-03-06,15500.0,15500.0,15500.0,15500.0,15500.0,300,SMMA.JK,0.0,15496.25,15186.324999999999,0,Sell,0.0,2.182645431363839,False,False,,,,None
17598,2025-03-07,15500.0,15500.0,15600.0,15500.0,15500.0,2300,SMMA.JK,0.0,15496.25,15186.324999999999,0,Sell,0.0,2.182645431363839,False,False,,,,None
17599,2025-03-10,15500.0,15500.0,16000.0,15225.0,15700.0,1700,SMMA.JK,0.0,15496.25,15186.324999999999,0,Sell,0.0,2.182645431363839,False,False,,,,None
17600,2025-03-11,15500.0,15500.0,15500.0,15500.0,15500.0,100,SMMA.JK,0.0,15496.25,15186.324999999999,0,Sell,0.0,2.182645431363839,False,False,,,,None
17601,2025-03-12,15500.0,15500.0,15525.0,15500.0,15525.0,5600,SMMA.JK,0.0,15496.25,15186.324999999999,0,Sell,0.0,2.182645431363839,False,False,,,,None
17602,2025-03-13,15500.0,15500.0,15525.0,15075.0,15525.0,8200,SMMA.JK,0.0,15496.25,15186.324999999999,0,Sell,0.0,2.182645431363839,False,False,,,,None
17603,2025-03-14,15500.0,15500.0,15500.0,15250.0,15250.0,800,SMMA.JK,0.0,15496.25,15186.324999999999,0,Sell,0.0,2.182645431363839,False,False,,,,None
17604,2025-03-17,15500.0,15500.0,15500.0,15275.0,15275.0,4000,SMMA.JK,0.0,15497.5,15187.55,0,Sell,0.0,2.182645431363839,False,False,,,,None
17605,2025-03-18,15500.0,15500.0,15500.0,15300.0,15300.0,7000,SMMA.JK,0.0,15497.5,15187.55,0,Sell,0.0,2.182645431363839,False,False,,,,None
17606,2025-03-19,15500.0,15500.0,15500.0,15300.0,15300.0,400,SMMA.JK,0.0,15497.5,15187.55,0,Sell,0.0,2.182645431363839,False,False,,,,None
17607,2025-03-20,15500.0,15500.0,15500.0,15400.0,15400.0,1700,SMMA.JK,0.0,15497.5,15187.55,0,Sell,0.0,2.182645431363839,False,False,,,,None
17608,2025-03-21,15500.0,15500.0,17500.0,15250.0,15250.0,2900,SMMA.JK,0.0,15497.5,15187.55,0,Sell,0.0,2.182645431363839,False,False,,,,None
17609,2025-03-24,15500.0,15500.0,15500.0,15275.0,15275.0,1500,SMMA.JK,0.0,15497.5,15187.55,0,Sell,0.0,2.182645431363839,False,False,,,,None
17610,2025-03-25,15500.0,15500.0,15500.0,15500.0,15500.0,300,SMMA.JK,0.0,15497.5,15187.55,0,Sell,0.0,2.182645431363839,False,False,,,,None
17611,2025-03-26,15500.0,15500.0,15500.0,15500.0,15500.0,200,SMMA.JK,0.0,15497.5,15187.55,0,Sell,0.0,2.182645431363839,False,False,,,,None
17612,2025-03-27,15500.0,15500.0,15500.0,15500.0,15500.0,0,SMMA.JK,0.0,15497.5,15187.55,0,Sell,0.0,2.182645431363839,False,False,,,,None
17613,2025-04-08,15500.0,15500.0,15500.0,15500.0,15500.0,100,SMMA.JK,0.0,15498.75,15188.775,0,Sell,0.0,2.182645431363839,False,False,,,,None
17614,2025-04-09,15500.0,15500.0,15500.0,15500.0,15500.0,200,SMMA.JK,0.0,15500.0,15190.0,0,Sell,0.0,2.182645431363839,False,False,,,,None
17615,2025-04-10,15500.0,15500.0,16775.0,14075.0,14075.0,600,SMMA.JK,0.0,15500.0,15190.0,0,Sell,0.0,2.182645431363839,False,False,,,,None
17616,2025-04-11,15500.0,15500.0,16550.0,15500.0,15500.0,900,SMMA.JK,0.0,15500.0,15190.0,0,Sell,0.0,2.182645431363839,False,False,,,,None
17617,2025-04-14,15500.0,15500.0,15500.0,15500.0,15500.0,500,SMMA.JK,0.0,15500.0,15190.0,0,Sell,0.0,2.182645431363839,False,False,,,,None
17618,2025-04-15,15500.0,15500.0,15500.0,15475.0,15500.0,23300,SMMA.JK,0.0,15500.0,15190.0,0,Sell,0.0,2.182645431363839,False,False,,,,None
17619,2025-04-16,15500.0,15500.0,15600.0,15500.0,15600.0,70000,SMMA.JK,0.0,15500.0,15190.0,0,Sell,0.0,2.182645431363839,False,False,,,,None
17620,2025-04-17,15500.0,15500.0,15500.0,15500.0,15500.0,60000,SMMA.JK,0.0,15500.0,15190.0,0,Sell,0.0,2.182645431363839,False,False,,,,None
17621,2025-04-21,15500.0,15500.0,15500.0,15475.0,15500.0,80800,SMMA.JK,0.0,15500.0,15190.0,0,Sell,0.0,2.182645431363839,False,False,,,,None
17622,2025-04-22,15500.0,15500.0,15500.0,15400.0,15500.0,60900,SMMA.JK,0.0,15500.0,15190.0,0,Sell,0.0,2.182645431363839,False,False,,,,None
17623,2025-04-23,15500.0,15500.0,15500.0,15475.0,15500.0,100700,SMMA.JK,0.0,15500.0,15190.0,0,Sell,0.0,2.182645431363839,False,False,,,,None
17624,2025-04-24,15475.0,15475.0,15475.0,15475.0,15475.0,50000,SMMA.JK,-0.001612903225806428,15498.75,15188.775,0,Sell,-0.0,2.182645431363839,False,False,,,,None
17625,2025-04-25,16075.0,16075.0,16075.0,15125.0,15225.0,101300,SMMA.JK,0.03877221324717284,15527.5,15216.949999999999,0,Sell,0.0,2.182645431363839,False,False,,,,None
17626,2025-04-28,15975.0,15975.0,16000.0,15500.0,15500.0,130500,SMMA.JK,-0.0062208398133748455,15551.25,15240.225,0,Sell,-0.0,2.182645431363839,False,False,,,,None
17627,2025-04-29,15725.0,15725.0,15750.0,15600.0,15750.0,162100,SMMA.JK,-0.015649452269170583,15562.5,15251.25,0,Sell,-0.0,2.182645431363839,False,False,,,,None
17628,2025-04-30,15700.0,15700.0,15700.0,15700.0,15700.0,200,SMMA.JK,-0.0015898251192368873,15572.5,15261.05,0,Sell,-0.0,2.182645431363839,False,False,,,,None
17629,2025-05-02,16350.0,16350.0,16350.0,15700.0,15700.0,10400,SMMA.JK,0.04140127388535042,15615.0,15302.699999999999,0,Sell,0.0,2.182645431363839,False,False,,,,None
17630,2025-05-05,15750.0,15750.0,16175.0,15400.0,16175.0,13000,SMMA.JK,-0.03669724770642202,15627.5,15314.949999999999,0,Sell,-0.0,2.182645431363839,False,False,,,,None
17631,2025-05-06,15750.0,15750.0,16725.0,15750.0,15775.0,11800,SMMA.JK,0.0,15640.0,15327.199999999999,0,Sell,0.0,2.182645431363839,False,False,,,,None
17632,2025-05-07,15750.0,15750.0,15750.0,15750.0,15750.0,500,SMMA.JK,0.0,15652.5,15339.449999999999,0,Sell,0.0,2.182645431363839,False,False,,,,None
17633,2025-05-08,15400.0,15400.0,15750.0,15400.0,15500.0,21900,SMMA.JK,-0.022222222222222254,15647.5,15334.55,0,Sell,-0.0,2.182645431363839,False,False,,,,None
17634,2025-05-09,15800.0,15800.0,15900.0,15400.0,15425.0,5300,SMMA.JK,0.025974025974025983,15662.5,15349.25,0,Sell,0.0,2.182645431363839,False,False,,,,None
17635,2025-05-14,15800.0,15800.0,15800.0,15750.0,15800.0,4800,SMMA.JK,0.0,15677.5,15363.949999999999,0,Sell,0.0,2.182645431363839,False,False,,,,None
17636,2025-05-15,15800.0,15800.0,15800.0,15750.0,15750.0,7400,SMMA.JK,0.0,15692.5,15378.65,0,Sell,0.0,2.182645431363839,False,False,,,,None
17637,2025-05-16,15800.0,15800.0,15800.0,15800.0,15800.0,3200,SMMA.JK,0.0,15707.5,15393.35,0,Sell,0.0,2.182645431363839,False,False,,,,None
17638,2025-05-19,15800.0,15800.0,15800.0,15800.0,15800.0,20400,SMMA.JK,0.0,15722.5,15408.05,0,Sell,0.0,2.182645431363839,False,False,,,,None
17639,2025-05-20,15800.0,15800.0,15800.0,15125.0,15125.0,1400,SMMA.JK,0.0,15737.5,15422.75,0,Sell,0.0,2.182645431363839,False,False,,,,None
17640,2025-05-21,15800.0,15800.0,15800.0,15400.0,15700.0,5800,SMMA.JK,0.0,15752.5,15437.449999999999,0,Sell,0.0,2.182645431363839,False,False,,,,None
17641,2025-05-22,15800.0,15800.0,15800.0,15525.0,15725.0,7300,SMMA.JK,0.0,15767.5,15452.15,0,Sell,0.0,2.182645431363839,False,False,,,,None
17642,2025-05-23,15800.0,15800.0,15800.0,15600.0,15600.0,500,SMMA.JK,0.0,15782.5,15466.85,0,Sell,0.0,2.182645431363839,False,False,,,,None
17643,2025-05-26,15800.0,15800.0,15800.0,15700.0,15700.0,700,SMMA.JK,0.0,15797.5,15481.55,0,Sell,0.0,2.182645431363839,False,False,,,,None
17644,2025-05-27,15800.0,15800.0,15800.0,15800.0,15800.0,500,SMMA.JK,0.0,15813.75,15497.475,0,Sell,0.0,2.182645431363839,False,False,,,,None
17645,2025-05-28,15800.0,15800.0,15800.0,15600.0,15600.0,1000,SMMA.JK,0.0,15800.0,15484.0,0,Sell,0.0,2.182645431363839,False,False,,,,None
17646,2025-06-02,16425.0,16425.0,16425.0,15800.0,15800.0,900,SMMA.JK,0.039556962025316444,15822.5,15506.05,0,Sell,0.0,2.182645431363839,False,False,,,,None
17647,2025-06-03,16425.0,16425.0,16425.0,16425.0,16425.0,10000,SMMA.JK,0.0,15857.5,15540.35,0,Sell,0.0,2.182645431363839,False,False,,,,None
17648,2025-06-04,16425.0,16425.0,16425.0,16000.0,16425.0,2400,SMMA.JK,0.0,15893.75,15575.875,0,Sell,0.0,2.182645431363839,False,False,,,,None
17649,2025-06-05,15925.0,15925.0,16175.0,15925.0,16175.0,3700,SMMA.JK,-0.030441400304414,15872.5,15555.05,0,Sell,-0.0,2.182645431363839,False,False,,,,None
17650,2025-06-10,15925.0,15925.0,15925.0,15925.0,15925.0,300,SMMA.JK,0.0,15881.25,15563.625,0,Sell,0.0,2.182645431363839,False,False,,,,None
17651,2025-06-11,15875.0,15875.0,15875.0,15175.0,15675.0,1400,SMMA.JK,-0.0031397174254317317,15887.5,15569.75,0,Sell,-0.0,2.182645431363839,False,False,,,,None
17652,2025-06-12,15875.0,15875.0,15875.0,15675.0,15675.0,6100,SMMA.JK,0.0,15893.75,15575.875,0,Sell,0.0,2.182645431363839,False,False,,,,None
17653,2025-06-13,15875.0,15875.0,15875.0,15550.0,15875.0,7500,SMMA.JK,0.0,15917.5,15599.15,0,Sell,0.0,2.182645431363839,False,False,,,,None
17654,2025-06-16,15875.0,15875.0,15875.0,15875.0,15875.0,700,SMMA.JK,0.0,15921.25,15602.824999999999,0,Sell,0.0,2.182645431363839,False,False,,,,None
17655,2025-06-17,15875.0,15875.0,15875.0,15875.0,15875.0,400,SMMA.JK,0.0,15925.0,15606.5,0,Sell,0.0,2.182645431363839,False,False,,,,None
17656,2025-06-18,15875.0,15875.0,15875.0,15800.0,15875.0,9900,SMMA.JK,0.0,15928.75,15610.175,0,Sell,0.0,2.182645431363839,False,False,,,,None
17657,2025-06-19,15875.0,15875.0,15875.0,15875.0,15875.0,800,SMMA.JK,0.0,15932.5,15613.85,0,Sell,0.0,2.182645431363839,False,False,,,,None
17658,2025-06-20,15875.0,15875.0,15875.0,15875.0,15875.0,10000,SMMA.JK,0.0,15936.25,15617.525,0,Sell,0.0,2.182645431363839,False,False,,,,None
17659,2025-06-23,15875.0,15875.0,15875.0,15875.0,15875.0,100,SMMA.JK,0.0,15940.0,15621.199999999999,0,Sell,0.0,2.182645431363839,False,False,,,,None
17660,2025-06-24,15875.0,15875.0,15875.0,15850.0,15850.0,8000,SMMA.JK,0.0,15943.75,15624.875,0,Sell,0.0,2.182645431363839,False,False,,,,None
17661,2025-06-25,15800.0,15800.0,15800.0,15800.0,15800.0,200,SMMA.JK,-0.0047244094488189115,15943.75,15624.875,0,Sell,-0.0,2.182645431363839,False,False,,,,None
17662,2025-06-26,15800.0,15800.0,15800.0,15800.0,15800.0,0,SMMA.JK,0.0,15943.75,15624.875,0,Sell,0.0,2.182645431363839,False,False,,,,None
17663,2025-06-30,15700.0,15700.0,15700.0,15700.0,15700.0,100,SMMA.JK,-0.006329113924050667,15938.75,15619.975,0,Sell,-0.0,2.182645431363839,False,False,,,,None
17664,2025-07-01,15500.0,15500.0,15500.0,15500.0,15500.0,300,SMMA.JK,-0.01273885350318471,15923.75,15605.275,1,Buy,-0.0,2.182645431363839,True,False,0.10209147985411526,2025-07-07,16225.0,Win
17665,2025-07-02,15500.0,15500.0,15500.0,15475.0,15475.0,200,SMMA.JK,0.0,15908.75,15590.574999999999,1,Buy,0.0,2.182645431363839,False,False,,,,None
17666,2025-07-03,15500.0,15500.0,15500.0,15500.0,15500.0,100,SMMA.JK,0.0,15862.5,15545.25,1,Buy,0.0,2.182645431363839,False,False,,,,None
17667,2025-07-04,15500.0,15500.0,15500.0,15000.0,15475.0,600,SMMA.JK,0.0,15816.25,15499.925,1,Buy,0.0,2.182645431363839,False,False,,,,None
17668,2025-07-07,16225.0,16225.0,16250.0,15500.0,15500.0,600,SMMA.JK,0.04677419354838719,15806.25,15490.125,0,Sell,0.04677419354838719,2.284736911217954,False,True,,,,None
17669,2025-07-08,15875.0,15875.0,16225.0,15875.0,16225.0,200,SMMA.JK,-0.02157164869029271,15803.75,15487.675,0,Sell,-0.0,2.284736911217954,False,False,,,,None
17670,2025-07-09,15800.0,15800.0,15825.0,15800.0,15825.0,200,SMMA.JK,-0.0047244094488189115,15797.5,15481.55,0,Sell,-0.0,2.284736911217954,False,False,,,,None
17671,2025-07-10,15800.0,15800.0,15800.0,15800.0,15800.0,0,SMMA.JK,0.0,15793.75,15477.875,0,Sell,0.0,2.284736911217954,False,False,,,,None
17672,2025-07-11,15800.0,15800.0,15800.0,15800.0,15800.0,0,SMMA.JK,0.0,15790.0,15474.199999999999,0,Sell,0.0,2.284736911217954,False,False,,,,None
17673,2025-07-14,15775.0,15775.0,15775.0,15775.0,15775.0,200,SMMA.JK,-0.0015822784810126667,15785.0,15469.3,0,Sell,-0.0,2.284736911217954,False,False,,,,None
17674,2025-07-15,15775.0,15775.0,15775.0,15775.0,15775.0,1100,SMMA.JK,0.0,15780.0,15464.4,0,Sell,0.0,2.284736911217954,False,False,,,,None
17675,2025-07-16,15775.0,15775.0,15775.0,15775.0,15775.0,0,SMMA.JK,0.0,15775.0,15459.5,0,Sell,0.0,2.284736911217954,False,False,,,,None
17676,2025-07-17,15775.0,15775.0,15775.0,15775.0,15775.0,0,SMMA.JK,0.0,15770.0,15454.6,0,Sell,0.0,2.284736911217954,False,False,,,,None
17677,2025-07-18,15775.0,15775.0,15775.0,15775.0,15775.0,300,SMMA.JK,0.0,15765.0,15449.699999999999,0,Sell,0.0,2.284736911217954,False,False,,,,None
17678,2025-07-21,15775.0,15775.0,15775.0,15775.0,15775.0,0,SMMA.JK,0.0,15760.0,15444.8,0,Sell,0.0,2.284736911217954,False,False,,,,None
17679,2025-07-22,15775.0,15775.0,15775.0,15775.0,15775.0,0,SMMA.JK,0.0,15755.0,15439.9,0,Sell,0.0,2.284736911217954,False,False,,,,None
17680,2025-07-23,15775.0,15775.0,15775.0,15775.0,15775.0,0,SMMA.JK,0.0,15750.0,15435.0,0,Sell,0.0,2.284736911217954,False,False,,,,None
17681,2025-07-24,18925.0,18925.0,18925.0,15775.0,15775.0,17400,SMMA.JK,0.19968304278922355,15906.25,15588.125,0,Sell,0.0,2.284736911217954,False,False,,,,None
17682,2025-07-25,22700.0,22700.0,22700.0,22100.0,22100.0,42600,SMMA.JK,0.19947159841479523,16251.25,15926.225,0,Sell,0.0,2.284736911217954,False,False,,,,None
17683,2025-07-28,21500.0,21500.0,27225.0,21500.0,27225.0,181700,SMMA.JK,-0.052863436123347984,16541.25,16210.425,0,Sell,-0.0,2.284736911217954,False,False,,,,None
17684,2025-07-29,18800.0,18800.0,25800.0,18450.0,21500.0,247400,SMMA.JK,-0.12558139534883717,16706.25,16372.125,0,Sell,-0.0,2.284736911217954,False,False,,,,None
17685,2025-07-30,16400.0,16400.0,22550.0,16050.0,20025.0,1108200,SMMA.JK,-0.12765957446808507,16751.25,16416.225,1,Buy,-0.0,2.284736911217954,True,False,-0.0731394438042332,2025-07-31,15875.0,Loss
17686,2025-07-31,15875.0,15875.0,16800.0,15500.0,16625.0,212100,SMMA.JK,-0.03201219512195119,16770.0,16434.6,0,Stop Loss,-0.03201219512195119,2.211597467413721,False,True,,,,None
17687,2025-08-01,15375.0,15375.0,16000.0,15250.0,16000.0,143000,SMMA.JK,-0.03149606299212604,16763.75,16428.475,0,Stop Loss,-0.0,2.211597467413721,False,False,,,,None
17688,2025-08-04,14725.0,14725.0,15375.0,14500.0,15375.0,97000,SMMA.JK,-0.042276422764227606,16688.75,16354.975,0,Stop Loss,-0.0,2.211597467413721,False,False,,,,None
17689,2025-08-05,14600.0,14600.0,14925.0,13500.0,14800.0,99200,SMMA.JK,-0.008488964346349714,16625.0,16292.5,0,Stop Loss,-0.0,2.211597467413721,False,False,,,,None
17690,2025-08-06,14800.0,14800.0,14800.0,14500.0,14600.0,32600,SMMA.JK,0.013698630136986356,16575.0,16243.5,0,Stop Loss,0.0,2.211597467413721,False,False,,,,None
17691,2025-08-07,14900.0,14900.0,14900.0,14400.0,14800.0,58500,SMMA.JK,0.006756756756756799,16530.0,16199.4,0,Stop Loss,0.0,2.211597467413721,False,False,,,,None
17692,2025-08-08,16400.0,16400.0,17300.0,15800.0,15800.0,356000,SMMA.JK,0.10067114093959728,16560.0,16228.8,0,Stop Loss,0.0,2.211597467413721,False,False,,,,None
17693,2025-08-11,16325.0,16325.0,17400.0,16300.0,16400.0,201700,SMMA.JK,-0.004573170731707266,16587.5,16255.75,0,Stop Loss,-0.0,2.211597467413721,False,False,,,,None
17694,2025-08-12,16600.0,16600.0,17275.0,16325.0,16500.0,175600,SMMA.JK,0.016845329249617125,16628.75,16296.175,0,Stop Loss,0.0,2.211597467413721,False,False,,,,None
17695,2025-08-13,16925.0,16925.0,17200.0,16650.0,16725.0,121900,SMMA.JK,0.01957831325301207,16686.25,16352.525,0,Reset,0.0,2.211597467413721,False,False,,,,None
17696,2025-08-14,16025.0,16025.0,17000.0,15900.0,16950.0,123200,SMMA.JK,-0.05317577548005903,16698.75,16364.775,1,Buy,-0.0,2.211597467413721,True,False,-0.08625575145919351,2025-08-21,15400.0,Loss
17697,2025-08-15,16050.0,16050.0,17000.0,16000.0,16050.0,63800,SMMA.JK,0.0015600624024960652,16712.5,16378.25,1,Buy,0.0015600624024960652,2.2150476974720887,False,False,,,,None
17698,2025-08-19,16100.0,16100.0,16350.0,16075.0,16075.0,19100,SMMA.JK,0.0031152647975076775,16728.75,16394.175,1,Buy,0.0031152647975076775,2.221948157588824,False,False,,,,None
17699,2025-08-20,15900.0,15900.0,16250.0,15100.0,16100.0,45400,SMMA.JK,-0.012422360248447228,16735.0,16400.3,1,Buy,-0.012422360248447228,2.194346317121882,False,False,,,,None
17700,2025-08-21,15400.0,15400.0,15875.0,15000.0,15875.0,91000,SMMA.JK,-0.03144654088050314,16716.25,16381.925,0,Stop Loss,-0.03144654088050314,2.1253417159545274,False,True,,,,None
17701,2025-08-22,15500.0,15500.0,15825.0,15250.0,15475.0,36600,SMMA.JK,0.006493506493506551,16545.0,16214.1,0,Stop Loss,0.0,2.1253417159545274,False,False,,,,None
17702,2025-08-25,15300.0,15300.0,15675.0,15300.0,15500.0,37900,SMMA.JK,-0.012903225806451646,16175.0,15851.5,0,Stop Loss,-0.0,2.1253417159545274,False,False,,,,None
17703,2025-08-26,15275.0,15275.0,15475.0,15100.0,15475.0,24600,SMMA.JK,-0.0016339869281045694,15863.75,15546.475,0,Stop Loss,-0.0,2.1253417159545274,False,False,,,,None
17704,2025-08-27,15550.0,15550.0,15550.0,14900.0,15275.0,81100,SMMA.JK,0.018003273322422242,15701.25,15387.225,0,Stop Loss,0.0,2.1253417159545274,False,False,,,,None
17705,2025-08-28,15475.0,15475.0,15800.0,15175.0,15550.0,68500,SMMA.JK,-0.004823151125401881,15655.0,15341.9,0,Stop Loss,-0.0,2.1253417159545274,False,False,,,,None
17706,2025-08-29,15700.0,15700.0,15700.0,15050.0,15050.0,64500,SMMA.JK,0.01453957996768973,15646.25,15333.324999999999,0,Reset,0.0,2.1253417159545274,False,False,,,,None
17707,2025-09-01,15675.0,15675.0,15675.0,15000.0,15600.0,45500,SMMA.JK,-0.0015923566878981443,15661.25,15348.025,0,Reset,-0.0,2.1253417159545274,False,False,,,,None
17708,2025-09-02,15850.0,15850.0,16050.0,15500.0,15650.0,38500,SMMA.JK,0.011164274322169154,15717.5,15403.15,0,Reset,0.0,2.1253417159545274,False,False,,,,None
17709,2025-09-03,16575.0,16575.0,16825.0,15850.0,15900.0,116300,SMMA.JK,0.045741324921135584,15816.25,15499.925,0,Reset,0.0,2.1253417159545274,False,False,,,,None
17710,2025-09-04,16200.0,16200.0,16825.0,16050.0,16800.0,49800,SMMA.JK,-0.022624434389140302,15886.25,15568.525,0,Reset,-0.0,2.1253417159545274,False,False,,,,None
17711,2025-09-08,16325.0,16325.0,16725.0,16200.0,16200.0,93400,SMMA.JK,0.007716049382715973,15957.5,15638.35,0,Reset,0.0,2.1253417159545274,False,False,,,,None
17712,2025-09-09,15600.0,15600.0,16325.0,15400.0,16325.0,38100,SMMA.JK,-0.0444104134762634,15917.5,15599.15,0,Reset,-0.0,2.1253417159545274,False,False,,,,None
17713,2025-09-10,15550.0,15550.0,15775.0,15400.0,15775.0,17300,SMMA.JK,-0.0032051282051281937,15878.75,15561.175,1,Buy,-0.0,2.1253417159545274,True,False,-0.0580881176386292,2025-09-24,15125.0,Loss
17714,2025-09-11,15300.0,15300.0,15700.0,15125.0,15575.0,32600,SMMA.JK,-0.01607717041800638,15813.75,15497.475,1,Buy,-0.01607717041800638,2.091172234990628,False,False,,,,None
17715,2025-09-12,15600.0,15600.0,15650.0,15300.0,15300.0,11400,SMMA.JK,0.019607843137254832,15747.5,15432.55,1,Buy,0.019607843137254832,2.1321756121473068,False,False,,,,None
17716,2025-09-15,15600.0,15600.0,15600.0,15325.0,15600.0,5900,SMMA.JK,0.0,15726.25,15411.725,1,Buy,0.0,2.1321756121473068,False,False,,,,None
17717,2025-09-16,15600.0,15600.0,15600.0,15350.0,15425.0,15400,SMMA.JK,0.0,15703.75,15389.675,1,Buy,0.0,2.1321756121473068,False,False,,,,None
17718,2025-09-17,15650.0,15650.0,15650.0,15200.0,15600.0,17600,SMMA.JK,0.0032051282051281937,15681.25,15367.625,1,Buy,0.0032051282051281937,2.1390095083400866,False,False,,,,None
17719,2025-09-18,15650.0,15650.0,15650.0,15425.0,15600.0,19500,SMMA.JK,0.0,15668.75,15355.375,1,Buy,0.0,2.1390095083400866,False,False,,,,None
17720,2025-09-19,15525.0,15525.0,15650.0,15525.0,15650.0,5000,SMMA.JK,-0.007987220447284393,15675.0,15361.5,1,Buy,-0.007987220447284393,2.121924767858137,False,False,,,,None
17721,2025-09-22,15450.0,15450.0,15525.0,15100.0,15525.0,65800,SMMA.JK,-0.004830917874396157,15672.5,15359.05,1,Buy,-0.004830917874396157,2.111673923568967,False,False,,,,None
17722,2025-09-23,15425.0,15425.0,15450.0,15225.0,15225.0,14600,SMMA.JK,-0.0016181229773463146,15678.75,15365.175,1,Buy,-0.0016181229773463146,2.1082569754725773,False,False,,,,None
17723,2025-09-24,15125.0,15125.0,15425.0,15125.0,15425.0,9900,SMMA.JK,-0.01944894651539708,15671.25,15357.824999999999,0,Stop Loss,-0.01944894651539708,2.067253598315898,False,True,,,,None
17724,2025-09-25,15350.0,15350.0,15475.0,14725.0,15125.0,39700,SMMA.JK,0.014876033057851235,15661.25,15348.025,0,Stop Loss,0.0,2.067253598315898,False,False,,,,None
17725,2025-09-26,15075.0,15075.0,15350.0,15050.0,15350.0,5800,SMMA.JK,-0.01791530944625408,15641.25,15328.425,0,Stop Loss,-0.0,2.067253598315898,False,False,,,,None
